2026-05-28T09:30:28.353Z 352069,0.168,-0.713,0.144,-17.566,-24.349,-3.508;352089,0.029,-1.158,0.402,-21.184,-22.857,9.518;352109,-0.017,-1.227,0.899,-20.744,-11.006,8.291;352130,-0.044,-1.362,0.952,-4.201,4.323,6.374;352150,-0.059,-1.382,0.889,9.924,4.032,11.460
2026-05-28T09:30:28.469Z 352170,-0.030,-1.361,0.832,10.440,-1.041,15.510;352190,0.020,-1.309,0.763,12.353,-4.263,16.666;352210,0.076,-1.234,0.653,17.715,-3.697,14.734;352232,0.130,-1.078,0.503,24.670,-1.183,11.977;352252,0.160,-0.894,0.379,33.357,6.474,7.384
2026-05-28T09:30:28.531Z 352272,0.127,-0.656,0.267,41.253,14.137,2.800;352295,0.059,-0.439,0.219,54.612,27.498,2.131;352315,-0.003,-0.286,0.167,55.941,36.740,3.946;352335,-0.056,-0.177,0.133,43.110,42.975,4.871;352355,-0.056,-0.258,0.098,7.044,38.149,4.236
2026-05-28T09:30:28.684Z 352375,-0.011,-0.557,0.135,-53.164,15.087,8.558;352395,-0.002,-1.072,0.419,-65.194,-12.628,10.696;352415,0.036,-1.219,0.663,-48.576,-16.428,8.345;352435,0.093,-1.348,0.682,-29.296,-13.479,3.042;352455,0.161,-1.432,0.698,-23.547,-10.010,-1.232
2026-05-28T09:30:28.745Z 352475,0.142,-1.448,0.698,-17.094,-3.730,-3.747;352499,0.066,-1.381,0.643,-5.219,4.584,-3.831;352519,-0.022,-1.240,0.521,8.674,7.897,-0.973;352539,-0.105,-1.029,0.419,20.062,4.149,2.397;352559,-0.177,-0.730,0.353,46.295,1.266,2.380
2026-05-28T09:30:28.897Z 352579,-0.168,-0.481,0.337,70.076,2.074,5.984;352599,-0.081,-0.279,0.264,65.854,-2.028,11.991;352619,0.078,-0.313,0.092,29.545,-12.298,7.207;352639,0.323,-0.684,0.120,-51.141,-25.001,0.221;352663,0.246,-1.157,0.353,-102.393,-32.896,-22.485
2026-05-28T09:30:28.956Z 352683,-0.015,-1.388,0.774,-76.863,-27.193,-1.611;352703,-0.127,-1.417,0.623,-40.047,-5.444,-1.176;352727,-0.055,-1.503,0.673,-34.937,-8.555,2.608;352747,-0.028,-1.448,0.630,-29.101,-13.681,7.727;352771,0.010,-1.356,0.646,-26.503,-18.916,9.733
2026-05-28T09:30:29.077Z 352792,0.089,-1.222,0.531,-15.350,-16.363,8.854;352812,0.154,-1.065,0.407,-5.110,-10.539,6.974;352832,0.160,-0.872,0.258,3.466,-3.199,3.394;352852,0.094,-0.668,0.158,11.928,5.273,-1.768;352872,0.016,-0.467,0.114,18.790,17.583,-3.309
2026-05-28T09:30:29.171Z 352892,-0.040,-0.342,0.070,17.675,26.088,-2.053;352912,-0.064,-0.349,0.024,-0.779,27.961,0.499;352935,-0.026,-0.750,0.087,-57.031,4.238,13.039;352955,0.037,-1.238,0.443,-61.092,-17.958,17.569;352975,0.032,-1.333,0.474,-32.721,-14.175,13.682
2026-05-28T09:30:29.255Z 352997,0.131,-1.364,0.502,-20.589,-10.923,8.644;353017,0.182,-1.397,0.530,-24.395,-9.916,4.269;353037,0.155,-1.382,0.617,-27.501,-6.131,-0.052;353059,0.100,-1.333,0.617,-19.778,4.063,-4.629;353079,0.031,-1.226,0.566,-11.602,11.794,-4.804
2026-05-28T09:30:29.382Z 353099,-0.049,-1.067,0.454,-2.016,11.215,-0.260;353119,-0.112,-0.876,0.343,11.196,8.434,4.181;353142,-0.119,-0.664,0.215,27.735,5.494,7.401;353162,-0.098,-0.474,0.166,44.687,7.664,8.688;353182,-0.051,-0.315,0.131,51.525,4.857,10.802
2026-05-28T09:30:29.469Z 353202,0.004,-0.266,0.101,33.954,0.915,9.121;353222,0.075,-0.452,0.038,-9.143,-8.021,3.665;353242,0.176,-0.736,0.091,-78.377,-28.314,-17.929;353262,0.150,-1.226,0.438,-70.301,-28.086,-9.933;353282,0.079,-1.280,0.601,-48.311,-10.827,-9.596
2026-05-28T09:30:29.590Z 353302,0.023,-1.320,0.545,-22.571,-6.740,-5.320;353322,-0.018,-1.348,0.575,-25.750,-10.234,2.008;353342,-0.013,-1.341,0.604,-30.484,-19.016,9.165;353362,0.008,-1.290,0.643,-28.026,-21.135,12.408;353382,0.074,-1.200,0.559,-16.553,-20.062,13.376
2026-05-28T09:30:29.708Z 353403,0.154,-1.084,0.473,-6.508,-17.831,12.886;353423,0.184,-0.909,0.336,6.755,-10.404,8.555;353443,0.142,-0.696,0.207,17.314,-0.512,2.346;353464,0.094,-0.501,0.149,28.486,14.478,-2.393;353484,0.035,-0.324,0.116,37.104,25.930,-1.767
2026-05-28T09:30:29.768Z 353504,-0.007,-0.208,0.113,33.928,34.024,0.249;353524,-0.028,-0.340,0.075,-2.756,29.415,3.848;353544,0.046,-0.669,0.092,-64.086,7.260,11.051;353564,0.081,-1.168,0.500,-70.833,-13.028,10.576;353584,0.100,-1.218,0.688,-44.095,-5.351,7.995
2026-05-28T09:30:29.887Z 353605,0.180,-1.247,0.657,-23.162,0.487,2.439;353625,0.202,-1.257,0.673,-30.372,0.551,-2.537;353645,0.144,-1.235,0.734,-29.506,4.387,-6.370;353669,0.064,-1.178,0.669,-21.079,11.300,-8.252;353689,-0.013,-1.067,0.601,-13.385,15.346,-7.201
2026-05-28T09:30:30.008Z 353709,-0.085,-0.896,0.503,-1.710,10.416,-3.138;353729,-0.083,-0.679,0.384,16.400,4.688,0.678;353749,-0.052,-0.454,0.303,35.217,3.765,4.133;353771,-0.014,-0.317,0.259,45.773,4.629,8.049;353791,0.019,-0.266,0.193,42.514,2.753,9.330
2026-05-28T09:30:30.127Z 353811,0.175,-0.558,0.111,-1.537,-9.058,3.470;353831,0.106,-1.071,0.322,-22.675,-30.240,-16.433;353854,-0.061,-1.232,0.509,-7.573,-30.968,-5.507;353874,-0.074,-1.289,0.534,14.080,-8.919,-2.733;353894,-0.067,-1.349,0.537,17.250,-7.352,0.734
2026-05-28T09:30:30.187Z 353914,-0.041,-1.330,0.530,8.016,-13.537,5.460;353934,-0.022,-1.269,0.543,5.486,-17.860,10.107;353954,0.015,-1.161,0.471,11.859,-16.655,12.691;353978,0.078,-1.005,0.378,17.954,-14.267,13.002;353998,0.124,-0.827,0.289,26.815,-7.421,8.602
2026-05-28T09:30:30.307Z 354021,0.108,-0.629,0.181,34.484,0.943,2.506;354041,0.066,-0.444,0.120,43.246,10.827,-2.427;354061,0.008,-0.280,0.082,37.152,19.878,-3.389;354081,-0.016,-0.218,0.071,16.904,25.621,-2.546;354101,-0.020,-0.309,0.070,-17.419,26.273,0.792
2026-05-28T09:30:30.424Z 354121,0.002,-0.824,0.281,-80.642,-3.696,15.027;354144,-0.042,-1.273,0.585,-63.208,-11.858,17.446;354164,-0.021,-1.329,0.440,-28.751,-9.228,12.752;354186,0.107,-1.343,0.510,-24.759,-9.345,5.080;354206,0.117,-1.362,0.579,-30.731,-10.809,0.091
2026-05-28T09:30:30.486Z 354229,0.053,-1.347,0.609,-23.979,-5.306,-1.247;354249,-0.023,-1.256,0.559,-15.896,-1.434,-1.497;354269,-0.102,-1.137,0.493,-7.790,-2.793,-0.265;354289,-0.104,-0.949,0.397,2.213,-8.865,1.991;354309,-0.059,-0.734,0.287,19.807,-10.365,2.671
2026-05-28T09:30:30.606Z 354329,-0.022,-0.533,0.223,34.497,-6.896,3.696;354349,-0.010,-0.396,0.168,46.461,-4.525,5.086;354371,-0.009,-0.287,0.116,47.155,-4.899,5.511;354394,0.043,-0.255,0.043,28.784,-9.658,1.273;354414,0.179,-0.674,-0.012,-31.463,-25.934,-5.115
2026-05-28T09:30:30.699Z 354434,0.188,-1.166,0.382,-51.811,-40.977,-19.060;354454,0.005,-1.204,0.908,-49.505,-31.754,-6.512;354474,-0.046,-1.320,0.853,-18.175,-10.328,-5.998;354494,-0.018,-1.371,0.874,-10.587,-11.425,-1.587;354514,0.017,-1.306,0.777,-5.758,-13.968,1.85
2026-05-28T09:30:30.819Z 354536,0.066,-1.226,0.715,-7.806,-16.652,3.371;354556,0.129,-1.103,0.645,-2.350,-14.182,2.502;354576,0.144,-0.936,0.482,10.673,-5.206,0.926;354599,0.104,-0.753,0.328,23.263,2.615,-2.488;354619,0.043,-0.555,0.261,37.141,12.788,-4.141
2026-05-28T09:30:30.930Z 354639,0.025,-0.408,0.232,43.499,21.911,-2.858;354659,0.055,-0.341,0.160,29.256,26.516,-1.718;354679,0.086,-0.547,0.161,-24.113,20.790,7.374;354699,0.096,-0.921,0.177,-82.953,-4.017,8.789;354719,0.033,-1.133,0.415,-54.946,-4.156,9.098
2026-05-28T09:30:31.031Z 354741,0.069,-1.189,0.383,-27.387,1.731,3.038;354761,0.154,-1.216,0.434,-27.005,4.438,-4.889;354781,0.165,-1.205,0.483,-26.992,9.888,-10.922;354801,0.106,-1.177,0.534,-18.457,19.391,-12.954;354821,0.029,-1.086,0.479,-7.256,26.691,-12.894
2026-05-28T09:30:31.114Z 354841,-0.054,-0.910,0.374,6.173,25.928,-10.150;354861,-0.104,-0.711,0.273,21.599,22.277,-7.555;354885,-0.113,-0.463,0.221,45.285,23.467,-6.385;354905,-0.080,-0.301,0.214,53.552,21.934,-0.097;354925,-0.035,-0.212,0.152,50.042,17.325,5.105
2026-05-28T09:30:31.238Z 354945,0.154,-0.566,0.039,6.455,7.906,-1.712;354965,0.105,-1.015,0.339,-35.392,-11.160,-23.652;354985,-0.028,-1.463,0.690,-34.715,-32.081,-31.081;355005,-0.141,-1.490,0.837,-18.714,-9.737,-23.646;355025,-0.146,-1.484,0.733,6.881,1.501,-18.001
2026-05-28T09:30:31.346Z 355045,-0.114,-1.439,0.660,9.932,-8.538,-8.866;355065,-0.068,-1.383,0.606,5.659,-19.489,-2.235;355085,-0.013,-1.276,0.550,10.807,-23.121,1.859;355105,0.072,-1.085,0.411,22.488,-17.941,2.645;355125,0.136,-0.857,0.307,36.098,-9.015,0.348
2026-05-28T09:30:31.415Z 355149,0.113,-0.594,0.177,46.897,3.681,-2.624;355169,0.073,-0.365,0.151,54.191,15.186,-0.876;355189,-0.001,-0.209,0.126,42.785,21.002,1.597;355213,-0.058,-0.323,0.146,-23.701,20.177,6.416;355233,-0.101,-0.518,0.087,-89.616,-7.743,15.704
2026-05-28T09:30:31.590Z 355253,-0.038,-1.040,0.403,-68.501,-23.336,16.458;355273,-0.005,-1.119,0.724,-53.585,-20.842,20.097;355293,0.049,-1.162,0.758,-39.770,-17.505,14.706;355313,0.115,-1.214,0.768,-42.474,-18.652,8.206;355333,0.103,-1.237,0.803,-47.923,-19.406,4.355
2026-05-28T09:30:31.627Z 355353,0.045,-1.224,0.837,-45.367,-16.404,2.426;355373,-0.009,-1.157,0.752,-30.331,-13.504,1.323;355393,-0.069,-1.053,0.626,-12.744,-15.168,2.850;355417,-0.093,-0.857,0.478,1.106,-21.343,6.365;355437,-0.115,-0.650,0.359,18.838,-23.012,8.987
2026-05-28T09:30:31.753Z 355457,-0.147,-0.462,0.286,41.904,-22.600,11.306;355481,-0.150,-0.361,0.251,53.462,-24.035,14.792;355501,-0.074,-0.294,0.171,44.161,-30.894,13.371;355521,0.063,-0.407,0.077,24.692,-36.459,4.279;355541,0.156,-0.792,0.129,-20.229,-56.982,-17.833
2026-05-28T09:30:31.839Z 355563,0.138,-1.198,0.693,-34.434,-72.897,-18.560;355583,0.006,-1.249,0.953,-12.313,-52.881,-7.375;355603,0.002,-1.276,0.929,-14.531,-48.025,-2.207;355623,0.056,-1.310,0.940,-11.839,-55.790,3.253;355643,0.091,-1.232,0.852,-3.361,-61.429,6.123
2026-05-28T09:30:31.925Z 355666,0.128,-1.128,0.757,-3.407,-63.650,6.153;355686,0.202,-0.985,0.632,6.946,-56.583,2.974;355706,0.191,-0.814,0.432,20.434,-48.801,-0.867;355729,0.112,-0.619,0.263,28.959,-43.678,-3.749;355749,0.026,-0.442,0.202,35.712,-38.316,-4.623
2026-05-28T09:30:32.071Z 355769,-0.019,-0.345,0.191,29.439,-33.530,-1.641;355789,-0.020,-0.314,0.149,16.527,-35.971,0.902;355809,-0.023,-0.491,0.106,-16.649,-50.516,7.630;355832,-0.023,-0.884,0.318,-43.449,-66.870,14.018;355852,-0.029,-1.301,0.494,-26.540,-67.927,20.79
2026-05-28T09:30:32.134Z 355872,0.103,-1.335,0.610,-16.306,-66.115,19.445;355893,0.210,-1.366,0.679,-15.188,-66.140,16.690;355913,0.213,-1.381,0.743,-18.622,-61.465,12.793;355933,0.163,-1.352,0.773,-14.447,-51.385,8.926;355953,0.114,-1.296,0.747,-7.061,-45.572,7.265
2026-05-28T09:30:32.257Z 355973,0.059,-1.205,0.636,0.022,-44.321,8.669;355995,0.012,-1.017,0.493,8.918,-47.149,12.611;356018,-0.007,-0.812,0.361,20.324,-49.049,16.117;356038,-0.038,-0.584,0.276,40.191,-48.933,18.101;356058,-0.079,-0.424,0.239,51.503,-48.267,19.171
2026-05-28T09:30:32.349Z 356078,-0.086,-0.305,0.201,55.697,-49.963,19.492;356098,0.018,-0.295,0.143,32.722,-59.085,13.448;356118,0.243,-0.777,0.038,-20.526,-75.894,10.858;356138,0.261,-1.033,-0.019,-70.740,-90.593,-2.771;356158,0.041,-1.212,0.241,-49.198,-76.125,11.383
2026-05-28T09:30:32.437Z 356178,0.062,-1.314,0.277,-15.359,-48.199,13.817;356198,0.067,-1.371,0.412,-12.058,-50.216,15.040;356218,0.066,-1.379,0.471,-14.515,-57.479,16.149;356238,0.069,-1.325,0.552,-14.856,-66.994,17.338;356261,0.137,-1.249,0.491,-4.003,-68.270,17.971
2026-05-28T09:30:32.555Z 356281,0.188,-1.138,0.426,3.821,-67.313,17.449;356301,0.205,-0.957,0.295,13.822,-63.112,15.203;356321,0.194,-0.780,0.148,20.162,-58.543,12.380;356341,0.145,-0.572,0.063,27.401,-49.588,8.323;356363,0.091,-0.404,0.054,34.314,-39.696,6.659
2026-05-28T09:30:32.671Z 356383,0.055,-0.299,0.058,28.013,-32.542,7.021;356403,0.072,-0.297,0.046,9.007,-34.033,5.022;356423,0.087,-0.760,-0.021,-43.485,-52.860,10.762;356443,0.039,-1.246,0.351,-29.895,-67.178,7.068;356463,0.023,-1.278,0.494,-17.766,-59.216,5.001
2026-05-28T09:30:32.769Z 356483,0.184,-1.313,0.528,-6.440,-51.066,-2.073;356503,0.260,-1.372,0.623,-13.933,-47.352,-7.036;356524,0.264,-1.388,0.673,-15.368,-38.959,-10.279;356544,0.167,-1.354,0.709,-14.061,-28.720,-13.595;356564,0.080,-1.269,0.629,-8.528,-21.327,-14.29
2026-05-28T09:30:32.889Z 356584,0.008,-1.133,0.526,-2.460,-18.805,-12.338;356604,-0.023,-0.967,0.387,3.457,-21.414,-7.267;356624,-0.027,-0.780,0.257,12.368,-22.743,-1.362;356644,-0.025,-0.593,0.160,22.543,-19.176,5.015;356664,-0.036,-0.424,0.100,37.728,-14.184,10.994
2026-05-28T09:30:32.946Z 356684,-0.045,-0.315,0.124,47.102,-13.979,16.228;356707,-0.045,-0.223,0.108,43.974,-19.481,18.458;356727,0.060,-0.441,0.060,6.890,-30.109,11.728;356747,0.163,-0.744,0.050,-56.262,-60.877,-2.841;356767,0.172,-1.223,0.387,-59.825,-75.485,-20.863
2026-05-28T09:30:33.093Z 356787,0.065,-1.255,0.796,-56.646,-62.734,-5.989;356807,0.013,-1.360,0.805,-23.357,-36.149,-1.934;356831,0.038,-1.394,0.833,-22.179,-39.305,5.226;356854,0.070,-1.348,0.768,-23.659,-48.039,10.332;356874,0.105,-1.269,0.727,-19.506,-52.625,12.805
2026-05-28T09:30:33.156Z 356896,0.194,-1.147,0.577,-5.447,-45.821,12.385;356916,0.273,-0.975,0.433,8.316,-33.024,8.634;356936,0.275,-0.755,0.271,19.263,-21.726,3.008;356956,0.199,-0.524,0.188,35.215,-6.300,-1.437;356979,0.101,-0.378,0.195,41.972,7.270,1.325
2026-05-28T09:30:33.334Z 356999,0.016,-0.291,0.157,20.241,11.188,2.428;357019,-0.017,-0.566,0.140,-28.618,2.423,5.484;357040,0.021,-0.837,0.268,-79.962,-27.713,9.143;357060,0.066,-1.283,0.372,-51.506,-34.625,13.385;357080,0.088,-1.343,0.224,-16.379,-23.792,7.295
2026-05-28T09:30:33.364Z 357102,0.135,-1.367,0.291,-15.707,-21.065,0.694;357122,0.134,-1.367,0.394,-23.889,-16.999,-4.179;357142,0.092,-1.319,0.488,-22.777,-7.976,-7.383;357162,0.028,-1.243,0.460,-14.078,1.780,-8.262;357182,-0.059,-1.128,0.368,1.922,8.041,-6.897
2026-05-28T09:30:33.488Z 357202,-0.136,-0.946,0.270,20.201,8.968,-3.603;357222,-0.163,-0.750,0.166,35.847,6.790,1.609;357242,-0.127,-0.499,0.089,55.904,7.611,5.713;357262,-0.084,-0.361,0.137,63.109,9.454,10.855;357282,-0.055,-0.277,0.114,59.612,4.695,11.589
2026-05-28T09:30:33.581Z 357302,0.066,-0.521,-0.009,8.886,-6.950,-0.988;357322,0.173,-0.673,-0.155,-51.398,-34.912,-17.787;357344,0.121,-1.172,0.294,-51.434,-55.575,-31.476;357365,-0.080,-1.319,0.590,-38.317,-35.273,-20.102;357385,-0.046,-1.315,0.486,-8.052,-15.681,-15
2026-05-28T09:30:33.670Z 357405,0.000,-1.351,0.527,-11.302,-21.633,-6.705;357425,0.016,-1.293,0.467,-14.533,-28.853,-1.684;357445,0.078,-1.190,0.392,-6.567,-29.908,-1.176;357465,0.152,-1.028,0.252,7.291,-23.893,-1.897;357489,0.214,-0.831,0.149,17.605,-13.479,-4.475
2026-05-28T09:30:33.793Z 357509,0.181,-0.579,0.073,30.400,0.481,-9.668;357529,0.139,-0.376,0.069,54.294,15.479,-8.735;357549,0.081,-0.199,0.009,60.899,27.412,-2.736;357569,0.036,-0.196,-0.041,33.600,31.540,-1.948;357589,0.055,-0.573,-0.021,-26.902,6.850,0.599
2026-05-28T09:30:33.910Z 357613,0.049,-1.087,0.440,-64.514,-19.446,-7.904;357633,-0.208,-1.096,0.964,-55.487,-7.575,-5.005;357653,-0.107,-1.184,0.623,-23.525,3.879,-8.093;357677,-0.088,-1.226,0.619,-23.860,9.587,-11.574;357697,-0.120,-1.247,0.650,-29.491,11.307,-11.666
2026-05-28T09:30:33.998Z 357717,-0.174,-1.153,0.639,-18.924,14.226,-13.305;357737,-0.223,-1.010,0.541,-5.292,15.873,-12.450;357761,-0.233,-0.780,0.424,16.605,15.936,-8.794;357781,-0.231,-0.537,0.300,42.935,16.302,-4.053;357801,-0.208,-0.339,0.244,73.400,20.384,1.847
2026-05-28T09:30:34.091Z 357821,-0.167,-0.227,0.220,81.323,15.550,10.847;357842,-0.119,-0.137,0.169,73.537,9.913,14.399;357862,-0.002,-0.355,0.040,31.434,-2.560,4.790;357882,0.076,-0.616,0.213,-42.990,-26.099,-28.898;357902,0.018,-1.097,0.714,-102.368,-42.939,-25.641
2026-05-28T09:30:34.207Z 357922,-0.117,-1.307,1.207,-79.368,-43.374,-8.074;357942,-0.170,-1.357,0.992,-51.148,-20.626,-7.010;357964,-0.070,-1.390,0.927,-30.832,-27.503,-3.518;357984,0.015,-1.298,0.739,-9.069,-30.491,-1.685;358004,0.088,-1.147,0.580,-3.085,-25.395,-2.61
2026-05-28T09:30:34.297Z 358024,0.150,-0.884,0.432,11.001,-9.208,-8.424;358044,0.169,-0.598,0.294,32.083,6.437,-12.740;358064,0.150,-0.410,0.234,61.658,22.244,-8.348;358084,0.078,-0.353,0.185,28.789,32.668,-1.901;358104,0.006,-0.419,0.132,-8.974,34.085,-3.020
2026-05-28T09:30:34.384Z 358128,0.035,-0.791,0.254,-78.087,17.464,2.561;358148,0.088,-1.272,0.709,-76.902,-7.687,2.268;358169,0.099,-1.333,1.203,-57.191,-5.399,1.891;358189,0.098,-1.364,1.145,-43.000,6.718,-3.453;358209,0.066,-1.348,1.042,-32.110,15.067,-5.167
2026-05-28T09:30:34.508Z 358229,-0.015,-1.228,0.942,-28.932,16.634,-5.448;358249,-0.077,-1.042,0.817,-14.943,17.645,-6.707;358269,-0.084,-0.808,0.663,4.703,19.878,-8.740;358289,-0.086,-0.556,0.521,28.231,24.202,-6.774;358309,-0.088,-0.373,0.449,49.851,25.040,-0.307
2026-05-28T09:30:34.601Z 358330,-0.085,-0.284,0.388,49.267,18.629,6.212;358350,-0.041,-0.376,0.243,21.827,3.685,3.010;358370,0.237,-0.920,0.304,-43.401,-24.022,0.603;358392,0.109,-1.284,0.681,-53.141,-43.609,-1.907;358412,-0.035,-1.404,1.179,-40.583,-22.300,5.277
2026-05-28T09:30:34.719Z 358432,-0.061,-1.514,0.923,-12.065,-13.966,8.473;358452,0.013,-1.458,0.852,-7.216,-19.845,9.432;358472,0.070,-1.300,0.722,-2.188,-23.524,10.794;358492,0.125,-1.120,0.608,2.553,-20.957,10.847;358512,0.145,-0.839,0.436,26.716,-9.189,6.247
2026-05-28T09:30:34.804Z 358536,0.138,-0.608,0.307,46.961,3.780,4.846;358556,0.154,-0.440,0.271,52.606,17.394,4.149;358576,0.159,-0.334,0.137,17.991,28.326,3.753;358596,0.157,-0.769,0.221,-35.364,26.457,7.081;358616,-0.096,-1.199,0.359,-81.375,-6.305,10.595
2026-05-28T09:30:34.929Z 358638,-0.104,-1.224,0.905,-63.904,-10.394,7.506;358659,-0.033,-1.352,0.535,-26.459,8.459,-4.663;358679,-0.018,-1.315,0.543,-15.596,17.279,-7.670;358699,-0.063,-1.175,0.457,-7.343,21.829,-7.461;358719,-0.116,-0.969,0.434,1.101,23.352,-9.535
2026-05-28T09:30:35.079Z 358739,-0.136,-0.702,0.325,22.506,27.008,-9.771;358759,-0.152,-0.477,0.237,41.332,29.027,-5.730;358779,-0.209,-0.350,0.181,55.649,25.845,3.368;358802,-0.222,-0.290,0.062,50.634,9.370,4.208;358822,0.213,-0.846,0.018,-0.732,-15.253,1.073
2026-05-28T09:30:35.115Z 358846,0.161,-1.144,0.436,-59.344,-39.946,-9.779;358866,-0.120,-1.241,0.931,-30.658,-47.989,10.541;358886,-0.089,-1.336,0.603,12.393,-26.353,10.973;358906,0.018,-1.220,0.561,15.111,-27.334,8.858;358927,0.110,-1.084,0.445,14.483,-28.004,9.601
2026-05-28T09:30:35.228Z 358947,0.140,-0.904,0.408,14.957,-20.938,9.912;358967,0.129,-0.642,0.346,39.016,-5.337,6.598;358987,0.111,-0.403,0.181,59.540,8.116,4.697;359007,0.131,-0.303,0.139,54.848,27.086,5.485;359027,0.128,-0.186,0.060,41.402,34.065,2.340
2026-05-28T09:30:35.315Z 359047,0.102,-0.745,0.148,-27.073,24.295,5.158;359067,-0.138,-1.181,0.363,-71.773,-7.319,-7.331;359087,-0.275,-1.383,0.501,-50.771,-19.542,-4.075;359107,-0.206,-1.486,0.235,-23.261,-1.532,-14.863;359127,-0.171,-1.452,0.324,-17.575,7.121,-14.698
2026-05-28T09:30:35.440Z 359149,-0.189,-1.316,0.301,-12.183,12.379,-10.380;359169,-0.215,-1.124,0.276,-7.243,14.788,-7.954;359189,-0.225,-0.900,0.235,10.250,18.036,-6.439;359209,-0.230,-0.659,0.164,29.834,23.186,-2.950;359229,-0.249,-0.473,0.132,52.422,23.883,2.728
2026-05-28T09:30:35.555Z 359249,-0.280,-0.383,0.094,55.398,14.972,7.279;359269,-0.204,-0.431,-0.043,35.351,-0.192,2.857;359293,-0.065,-0.494,-0.088,-21.047,-35.649,-22.817;359313,-0.065,-0.720,0.010,-2.985,-48.566,-5.501;359333,-0.309,-0.922,0.464,9.850,-28.235,9.200
2026-05-28T09:30:35.617Z 359357,-0.175,-1.010,0.211,20.228,-23.725,9.162;359377,-0.037,-0.929,0.171,15.793,-22.345,9.678;359397,0.024,-0.806,0.154,10.046,-18.408,10.724;359417,0.024,-0.605,0.166,25.348,-6.235,7.876;359438,0.024,-0.391,0.099,54.651,8.168,2.142
2026-05-28T09:30:35.739Z 359458,0.026,-0.211,0.031,73.462,19.092,2.563;359478,0.068,-0.106,0.037,58.881,32.982,3.588;359501,0.039,-0.362,-0.013,7.898,34.215,0.546;359521,0.104,-0.769,-0.042,-71.967,1.488,3.923;359541,0.112,-1.253,0.481,-90.963,-25.157,0.552
2026-05-28T09:30:35.829Z 359561,0.093,-1.190,0.721,-64.575,-4.226,-7.668;359581,0.136,-1.115,0.621,-42.749,16.805,-13.874;359601,0.095,-1.110,0.637,-31.832,23.925,-10.693;359621,-0.002,-0.966,0.551,-24.530,25.427,-6.531;359641,-0.038,-0.770,0.434,-1.661,25.385,-4.731
2026-05-28T09:30:35.944Z 359662,-0.067,-0.508,0.269,28.086,27.253,-3.011;359682,-0.100,-0.330,0.215,48.144,31.323,0.467;359702,-0.131,-0.244,0.171,66.218,22.559,7.750;359722,-0.112,-0.283,0.089,45.336,9.965,6.922;359742,0.155,-0.828,0.044,-7.039,-28.315,-4.942
2026-05-28T09:30:36.038Z 359762,0.224,-1.300,0.555,-64.348,-56.157,-20.507;359782,-0.041,-1.428,0.701,-26.617,-51.826,-5.149;359804,-0.061,-1.480,0.473,8.247,-26.886,-0.836;359826,-0.015,-1.449,0.450,7.340,-26.378,1.646;359846,0.047,-1.326,0.390,5.854,-27.283,3.753
2026-05-28T09:30:36.132Z 359866,0.103,-1.158,0.422,4.720,-25.415,1.622;359886,0.133,-0.896,0.346,24.510,-11.102,-3.183;359909,0.122,-0.636,0.273,47.750,3.408,-6.870;359929,0.100,-0.432,0.169,70.846,14.698,-5.856;359951,0.077,-0.305,0.123,62.773,21.786,-3.111
2026-05-28T09:30:36.250Z 359971,0.042,-0.301,0.026,29.371,25.842,-1.747;359991,0.047,-0.709,-0.022,-43.617,15.182,7.640;360011,0.108,-1.203,0.567,-68.724,-7.795,6.464;360031,0.176,-1.268,0.798,-54.552,-4.456,5.473;360051,0.219,-1.259,0.774,-32.041,0.698,-0.365
2026-05-28T09:30:36.337Z 360073,0.159,-1.237,0.732,-26.960,2.672,-2.052;360093,0.058,-1.141,0.705,-25.617,1.969,-1.548;360113,-0.008,-0.950,0.627,-8.472,1.756,-4.515;360133,0.009,-0.707,0.550,12.025,2.967,-5.072;360153,-0.002,-0.538,0.450,21.455,7.850,-0.854
2026-05-28T09:30:36.488Z 360173,-0.057,-0.364,0.386,40.411,7.249,5.102;360194,-0.103,-0.291,0.284,37.828,-1.574,9.142;360214,-0.082,-0.367,0.121,16.929,-20.638,2.987;360234,0.103,-0.458,-0.001,-35.333,-49.329,-16.702;360257,0.079,-0.941,0.598,-11.347,-50.508,-12.246
2026-05-28T09:30:36.547Z 360277,-0.014,-1.047,0.890,26.179,-25.986,-3.006;360297,0.011,-1.153,0.624,39.977,-18.984,0.751;360317,0.109,-1.080,0.536,31.097,-18.068,0.856;360341,0.169,-0.953,0.467,20.518,-16.576,2.331;360364,0.151,-0.776,0.440,22.622,-7.671,1.767
2026-05-28T09:30:36.671Z 360384,0.112,-0.557,0.301,49.807,7.615,-3.634;360404,0.086,-0.376,0.201,71.020,19.382,-5.780;360424,0.113,-0.297,0.130,74.484,28.660,-3.315;360444,0.119,-0.343,0.075,38.162,31.200,-1.719;360464,0.120,-0.726,0.215,-53.301,19.480,14.214
2026-05-28T09:30:36.757Z 360488,0.091,-1.197,0.650,-58.792,-3.328,8.592;360508,0.055,-1.208,0.877,-43.793,-0.146,1.354;360528,0.152,-1.160,0.889,-34.734,3.575,-6.770;360548,0.176,-1.131,0.908,-33.671,8.898,-7.515;360568,0.125,-1.106,0.847,-23.604,14.897,-4.372
2026-05-28T09:30:36.879Z 360592,0.040,-1.042,0.749,-9.196,19.492,-2.260;360612,-0.004,-0.864,0.628,7.519,18.958,-0.602;360632,-0.055,-0.665,0.497,25.306,14.439,-0.933;360652,-0.090,-0.478,0.410,45.890,10.030,-1.188;360672,-0.107,-0.363,0.352,53.060,1.860,-1.227
2026-05-28T09:30:36.970Z 360692,-0.109,-0.342,0.246,37.850,-11.126,-6.459;360712,0.031,-0.522,0.021,13.908,-25.159,-13.561;360732,0.238,-0.617,0.039,-43.925,-36.537,-28.741;360755,0.161,-0.801,0.416,-53.431,-36.229,-19.631;360775,-0.010,-0.982,0.738,-13.098,-14.755,-1.
2026-05-28T09:30:37.059Z 360795,-0.083,-1.086,0.743,12.405,-9.108,5.294;360815,-0.038,-1.090,0.690,8.640,-18.930,6.462;360839,0.046,-1.015,0.624,4.039,-28.029,4.707;360859,0.136,-0.893,0.559,2.993,-29.464,3.006;360881,0.154,-0.689,0.423,12.112,-18.929,1.338
2026-05-28T09:30:37.177Z 360901,0.120,-0.509,0.292,26.124,-7.017,-0.469;360921,0.068,-0.364,0.172,49.607,5.425,-1.514;360941,0.061,-0.284,0.130,47.833,15.268,-1.053;360961,0.088,-0.369,0.056,13.769,17.867,2.233;360981,0.095,-0.650,0.078,-40.481,10.041,9.117
2026-05-28T09:30:37.299Z 361005,0.038,-1.131,0.455,-22.351,-5.747,12.734;361025,0.080,-1.171,0.860,-23.320,-12.969,6.575;361049,0.227,-1.158,0.909,-21.589,-9.229,-4.721;361069,0.254,-1.151,0.937,-17.270,1.494,-8.671;361089,0.194,-1.113,0.880,-9.049,13.025,-6.444
2026-05-28T09:30:37.383Z 361109,0.071,-1.061,0.774,1.280,20.886,-5.799;361129,-0.040,-0.947,0.623,15.197,22.568,-6.033;361149,-0.110,-0.750,0.495,24.856,15.796,-4.578;361169,-0.141,-0.542,0.402,39.328,11.861,-2.939;361189,-0.146,-0.415,0.327,53.781,6.099,-2.040
2026-05-28T09:30:37.474Z 361213,-0.086,-0.472,0.201,44.377,-4.136,-5.458;361233,0.135,-0.938,0.195,-11.874,-22.751,-14.443;361253,0.055,-1.319,0.498,-25.538,-31.322,-13.989;361273,-0.167,-1.328,0.891,-3.259,-22.165,0.392;361293,-0.138,-1.333,0.721,32.331,-5.959,6.287
2026-05-28T09:30:37.596Z 361313,-0.071,-1.294,0.634,31.116,-14.623,8.218;361333,-0.042,-1.239,0.532,22.768,-25.348,8.501;361353,0.008,-1.101,0.532,15.059,-30.088,8.935;361373,0.074,-0.868,0.441,23.924,-24.384,7.566;361393,0.118,-0.630,0.326,37.373,-18.081,4.931
2026-05-28T09:30:37.686Z 361415,0.124,-0.429,0.231,63.481,-6.525,3.196;361435,0.086,-0.307,0.141,59.846,3.719,2.083;361455,0.054,-0.356,0.071,29.327,9.533,-1.157;361476,0.022,-0.870,-0.004,-78.426,-18.978,10.863;361496,0.002,-1.269,0.225,-61.764,-36.227,15.396
2026-05-28T09:30:37.777Z 361516,0.056,-1.248,0.673,-44.910,-30.866,12.424;361536,0.131,-1.227,0.686,-39.245,-25.119,5.479;361559,0.127,-1.246,0.687,-35.866,-17.653,1.570;361579,0.055,-1.180,0.702,-33.801,-13.201,2.778;361599,0.000,-1.059,0.647,-20.317,-7.092,1.738
2026-05-28T09:30:37.898Z 361619,-0.044,-0.899,0.541,-3.124,-4.170,2.841;361639,-0.086,-0.719,0.400,17.989,-4.258,3.456;361659,-0.132,-0.533,0.321,36.806,-5.771,4.361;361679,-0.156,-0.398,0.282,48.927,-9.272,5.478;361699,-0.153,-0.307,0.233,48.848,-15.838,5.038
2026-05-28T09:30:37.986Z 361722,-0.066,-0.383,0.132,25.820,-29.026,-1.203;361742,0.239,-0.925,-0.005,-22.804,-51.671,-12.185;361762,0.255,-1.257,0.219,-85.778,-70.974,-14.567;361782,0.077,-1.278,0.612,-39.961,-53.626,-2.323;361802,-0.008,-1.338,0.625,-4.817,-43.440,3.1
2026-05-28T09:30:38.109Z 361822,0.029,-1.312,0.587,-6.493,-52.753,1.474;361842,0.087,-1.265,0.540,-13.667,-64.744,-0.048;361862,0.168,-1.151,0.485,-24.361,-66.303,-3.074;361882,0.255,-0.960,0.411,-13.822,-57.666,-4.859;361902,0.219,-0.738,0.265,6.900,-43.468,-5.640
2026-05-28T09:30:38.199Z 361925,0.140,-0.561,0.171,27.966,-28.141,-5.736;361945,0.073,-0.462,0.156,36.232,-20.624,-2.523;361965,0.036,-0.411,0.077,29.689,-17.667,-3.554;361989,0.003,-0.591,0.017,-27.197,-30.856,0.685;362009,-0.058,-1.036,0.277,-58.154,-51.542,1.271
2026-05-28T09:30:38.318Z 362029,-0.046,-1.330,0.420,-26.131,-56.500,13.554;362050,0.023,-1.305,0.447,-7.014,-48.135,10.224;362070,0.072,-1.277,0.526,-7.921,-48.431,5.329;362090,0.085,-1.281,0.595,-16.886,-51.539,5.066;362110,0.068,-1.251,0.662,-14.390,-52.222,6.663
2026-05-28T09:30:38.407Z 362130,0.015,-1.166,0.549,1.831,-47.135,8.412;362150,-0.009,-1.043,0.440,16.782,-44.414,12.365;362171,-0.005,-0.869,0.313,28.858,-45.195,17.873;362191,-0.021,-0.688,0.176,42.428,-43.469,17.393;362211,-0.052,-0.510,0.167,66.944,-39.897,15.791
2026-05-28T09:30:38.501Z 362231,-0.050,-0.369,0.109,65.188,-42.052,13.378;362251,0.056,-0.382,0.027,44.863,-52.800,9.677;362271,0.344,-0.925,-0.136,2.584,-75.056,6.870;362291,0.305,-1.133,-0.139,-46.574,-95.246,-11.387;362311,0.043,-1.222,0.302,-27.906,-89.647,6.106
2026-05-28T09:30:38.617Z 362331,-0.021,-1.327,0.388,17.616,-64.985,8.871;362351,0.074,-1.259,0.402,18.508,-69.410,9.523;362371,0.149,-1.220,0.370,10.422,-76.256,11.114;362391,0.166,-1.179,0.322,0.875,-79.210,12.307;362411,0.188,-1.050,0.269,9.304,-74.021,11.407
2026-05-28T09:30:38.710Z 362431,0.215,-0.852,0.150,22.538,-65.820,9.879;362451,0.237,-0.671,0.042,35.079,-57.164,6.826;362471,0.184,-0.459,-0.018,48.777,-45.514,2.980;362491,0.096,-0.327,0.021,55.221,-36.599,2.145;362511,0.002,-0.217,0.026,43.358,-33.270,1.945
2026-05-28T09:30:38.799Z 362531,-0.060,-0.240,0.013,16.035,-39.540,0.516;362551,-0.119,-0.625,0.002,-42.043,-71.952,13.331;362571,0.049,-1.131,0.473,-15.641,-90.300,13.109;362591,0.096,-1.214,0.703,-13.926,-86.707,22.404;362611,0.257,-1.161,0.573,13.752,-77.619,19.376
2026-05-28T09:30:38.947Z 362631,0.260,-1.221,0.602,-1.367,-68.769,12.829;362651,0.224,-1.222,0.597,-12.597,-61.832,7.724;362671,0.147,-1.203,0.680,-17.958,-57.144,6.964;362691,0.098,-1.113,0.589,-8.068,-48.472,7.442;362711,0.083,-0.965,0.449,6.445,-41.100,11.459
2026-05-28T09:30:39.005Z 362731,0.078,-0.749,0.304,22.653,-35.329,16.710;362751,0.035,-0.534,0.219,42.253,-28.986,19.679;362771,-0.045,-0.392,0.170,65.707,-25.782,20.164;362791,-0.084,-0.263,0.151,70.343,-27.829,19.789;362811,-0.040,-0.179,0.083,53.520,-33.597,16.152
2026-05-28T09:30:39.123Z 362831,0.229,-0.656,0.019,-12.589,-53.405,11.064;362851,0.355,-1.010,0.396,-86.350,-73.043,-8.612;362871,0.148,-1.376,0.936,-74.725,-81.203,-0.671;362891,0.057,-1.537,0.955,-12.494,-44.697,6.843;362911,0.075,-1.477,0.878,18.933,-32.600,16.849
2026-05-28T09:30:39.220Z 362931,0.117,-1.429,0.816,17.201,-39.154,17.571;362952,0.141,-1.349,0.720,11.151,-45.183,15.589;362972,0.190,-1.237,0.637,11.822,-46.728,13.264;362992,0.225,-1.042,0.497,17.382,-41.815,9.779;363012,0.207,-0.820,0.337,28.901,-34.655,5.789
2026-05-28T09:30:39.307Z 363032,0.146,-0.590,0.233,38.986,-23.899,3.497;363052,0.113,-0.432,0.194,47.704,-11.086,2.080;363072,0.096,-0.310,0.135,48.220,-2.181,0.714;363092,0.069,-0.425,0.084,15.911,1.057,0.381;363112,0.123,-0.771,0.077,-62.840,-23.198,6.752
2026-05-28T09:30:39.397Z 363132,0.200,-1.031,0.168,-34.636,-27.656,5.937;363152,0.257,-1.001,0.499,-21.201,-20.733,3.069;363173,0.296,-1.090,0.473,-15.961,-14.273,-3.017;363193,0.279,-1.165,0.545,-24.379,-8.625,-8.275;363213,0.206,-1.171,0.560,-18.800,-2.058,-8.601
2026-05-28T09:30:39.520Z 363233,0.104,-1.067,0.511,-14.872,2.929,-7.457;363253,0.035,-0.932,0.425,-3.303,7.049,-6.032;363273,-0.013,-0.781,0.292,15.228,6.843,-3.553;363293,-0.024,-0.573,0.197,32.518,6.641,-1.891;363313,-0.013,-0.420,0.144,51.673,8.757,-0.392
2026-05-28T09:30:39.608Z 363333,0.010,-0.323,0.136,56.062,9.998,-0.040;363353,0.074,-0.335,0.023,40.786,4.507,-4.601;363373,0.283,-0.749,0.161,-23.550,-14.910,-13.967;363393,0.245,-1.170,0.304,-79.060,-34.912,-32.125;363413,0.061,-1.368,0.859,-81.089,-39.471,-14.317
2026-05-28T09:30:39.696Z 363433,-0.043,-1.498,0.922,-18.746,-6.076,-5.810;363453,-0.004,-1.449,0.795,2.212,-7.773,-0.832;363473,0.052,-1.384,0.654,0.122,-17.969,-1.636;363493,0.096,-1.271,0.581,-10.773,-25.583,-1.655;363513,0.163,-1.131,0.483,-8.525,-25.297,-2.329
2026-05-28T09:30:39.818Z 363533,0.196,-0.938,0.347,5.122,-18.042,-3.952;363553,0.195,-0.728,0.228,20.119,-7.554,-6.189;363573,0.172,-0.518,0.175,39.761,6.085,-7.038;363593,0.129,-0.390,0.161,49.626,16.205,-4.754;363613,0.079,-0.305,0.050,38.438,22.664,-4.031
2026-05-28T09:30:39.911Z 363633,0.081,-0.363,-0.002,4.794,19.237,-4.771;363653,0.075,-0.558,0.015,-43.770,6.509,-1.255;363673,-0.008,-1.058,0.339,-82.075,-16.449,0.663;363693,-0.095,-1.243,0.751,-64.151,-23.045,1.452;363713,0.013,-1.363,0.634,-45.245,-9.637,-9.370
2026-05-28T09:30:39.999Z 363733,0.115,-1.343,0.695,-42.999,-1.718,-18.044;363753,0.121,-1.309,0.696,-39.324,7.658,-16.843;363773,0.009,-1.243,0.697,-31.448,15.893,-15.506;363793,-0.095,-1.105,0.558,-8.493,21.566,-14.076;363813,-0.148,-0.900,0.390,16.749,23.504,-11.793
2026-05-28T09:30:40.124Z 363833,-0.143,-0.671,0.273,36.539,21.599,-10.986;363853,-0.126,-0.485,0.228,54.221,25.463,-11.474;363873,-0.101,-0.344,0.206,58.777,25.800,-10.295;363896,-0.085,-0.281,0.138,44.623,19.303,-10.546;363916,-0.006,-0.513,-0.064,7.974,4.972,-17.273
2026-05-28T09:30:40.207Z 363936,0.081,-0.658,-0.081,-52.906,-13.855,-30.246;363956,-0.030,-0.793,0.475,-58.245,-29.437,-15.408;363976,-0.176,-0.957,0.734,-2.130,-6.949,-5.227;363996,-0.186,-1.010,0.736,29.711,4.841,0.775;364016,-0.126,-1.045,0.644,25.401,-9.737,2.040
2026-05-28T09:30:40.327Z 364036,-0.047,-1.021,0.540,19.009,-21.927,2.119;364059,0.061,-0.911,0.457,22.640,-23.344,1.334;364079,0.129,-0.712,0.306,38.616,-15.338,-0.426;364099,0.147,-0.498,0.187,48.095,-5.365,-3.597;364119,0.111,-0.334,0.121,75.872,12.167,-3.275
2026-05-28T09:30:40.417Z 364139,0.072,-0.235,0.088,79.717,24.633,0.628;364159,0.073,-0.390,0.039,19.328,34.726,2.989;364179,0.126,-0.782,0.090,-59.130,3.333,11.334;364199,0.125,-1.265,0.512,-97.337,-19.726,12.797;364219,0.127,-1.325,0.963,-74.716,-18.186,12.174
2026-05-28T09:30:40.512Z 364239,0.239,-1.278,0.956,-67.418,-10.597,-0.386;364259,0.284,-1.295,0.927,-61.901,-5.473,-8.659;364279,0.266,-1.236,0.853,-55.363,3.826,-10.553;364299,0.198,-1.117,0.831,-41.968,16.033,-11.920;364319,0.106,-0.964,0.703,-22.251,27.315,-12.188
2026-05-28T09:30:40.626Z 364340,0.010,-0.801,0.520,1.182,33.508,-10.662;364360,-0.079,-0.626,0.397,16.313,31.943,-5.141;364380,-0.133,-0.470,0.326,32.304,28.360,-0.940;364403,-0.118,-0.344,0.251,42.940,23.190,-0.317;364423,-0.033,-0.337,0.195,32.315,13.504,-2.857
2026-05-28T09:30:40.719Z 364443,0.239,-0.748,-0.007,-10.133,-12.444,-8.796;364463,0.163,-1.163,0.167,-55.076,-32.010,-29.588;364484,-0.112,-1.277,0.440,-41.083,-39.138,-17.363;364504,-0.128,-1.343,0.336,7.331,-10.049,-10.654;364524,-0.019,-1.322,0.372,2.890,-16.315,-6.
2026-05-28T09:30:40.810Z 364544,0.059,-1.306,0.345,-5.060,-24.955,-3.879;364564,0.059,-1.249,0.387,-8.549,-31.584,-2.553;364584,0.083,-1.067,0.312,6.237,-27.835,-3.144;364604,0.135,-0.826,0.206,24.784,-21.939,-5.135;364624,0.136,-0.562,0.098,46.069,-13.118,-6.679
2026-05-28T09:30:40.933Z 364644,0.109,-0.337,0.055,68.749,-0.704,-6.932;364664,0.057,-0.209,0.035,65.990,5.682,-3.542;364684,0.038,-0.216,0.021,33.185,7.604,-5.606;364704,-0.016,-0.467,-0.082,-19.895,4.815,-5.442;364724,-0.016,-0.944,0.189,-99.116,-13.613,5.415
2026-05-28T09:30:41.021Z 364748,-0.045,-1.282,0.520,-63.695,-18.392,12.172;364768,-0.016,-1.268,0.323,-33.926,-11.513,3.283;364788,0.086,-1.302,0.389,-37.241,-13.888,-4.086;364808,0.093,-1.299,0.485,-44.921,-13.215,-8.669;364828,0.057,-1.286,0.557,-34.869,-4.732,-9.007
2026-05-28T09:30:41.109Z 364850,-0.001,-1.153,0.522,-23.193,7.422,-7.808;364870,-0.059,-0.987,0.416,-4.040,14.969,-6.184;364890,-0.100,-0.817,0.282,13.146,13.914,-2.507;364910,-0.126,-0.609,0.187,28.761,13.090,-0.056;364930,-0.137,-0.434,0.145,47.619,15.796,1.161
2026-05-28T09:30:41.255Z 364950,-0.125,-0.302,0.139,50.611,14.406,3.804;364970,-0.097,-0.218,0.092,40.886,10.918,4.549;364990,-0.007,-0.294,0.005,15.674,2.597,-1.034;365010,0.129,-0.563,0.040,-29.304,-21.303,-17.875;365030,0.018,-1.011,0.503,-100.000,-41.903,-15.323
2026-05-28T09:30:41.317Z 365050,-0.160,-1.165,0.934,-39.874,-12.189,-7.275;365070,-0.203,-1.262,0.739,-11.188,3.949,3.919;365090,-0.146,-1.223,0.696,-6.552,-6.375,5.463;365110,-0.104,-1.166,0.574,-4.535,-18.035,2.569;365130,0.014,-1.045,0.494,-1.282,-20.127,-2.012
2026-05-28T09:30:41.441Z 365150,0.139,-0.903,0.381,11.389,-11.487,-6.378;365170,0.156,-0.647,0.246,21.610,-2.275,-7.896;365190,0.110,-0.423,0.120,39.837,9.895,-8.114;365210,0.042,-0.321,0.124,53.729,20.780,-4.127;365230,-0.007,-0.221,0.101,49.615,27.184,-3.843
2026-05-28T09:30:41.531Z 365250,-0.009,-0.364,0.068,7.612,25.972,-3.398;365270,0.031,-0.609,-0.051,-64.401,7.465,4.717;365290,0.100,-1.117,0.531,-85.438,-14.071,17.160;365310,0.069,-1.469,0.771,-66.617,-13.087,15.164;365330,0.141,-1.421,0.763,-55.489,-12.644,6.484
2026-05-28T09:30:41.642Z 365350,0.207,-1.427,0.832,-56.806,-8.733,-1.815;365370,0.164,-1.399,0.836,-42.527,2.025,-4.201;365390,0.100,-1.295,0.761,-26.168,13.193,-3.511;365410,0.010,-1.136,0.663,-9.975,21.367,-2.235;365430,-0.059,-0.929,0.523,11.992,21.751,-1.435
2026-05-28T09:30:41.740Z 365450,-0.086,-0.713,0.406,28.605,18.845,0.044;365470,-0.098,-0.515,0.324,42.121,16.028,1.230;365490,-0.106,-0.356,0.269,45.691,11.399,3.202;365510,-0.094,-0.259,0.207,38.077,6.979,4.207;365530,0.004,-0.321,0.077,13.057,-1.593,-3.026
2026-05-28T09:30:41.854Z 365550,0.341,-0.873,-0.017,-30.100,-17.376,-21.657;365570,0.262,-1.177,0.074,-89.681,-34.197,-29.511;365590,0.032,-1.272,0.663,-49.541,-22.219,-11.714;365610,-0.119,-1.446,0.713,-14.919,-4.714,3.065;365630,-0.051,-1.448,0.655,-2.079,-11.990,3.8
2026-05-28T09:30:41.923Z 365650,0.008,-1.418,0.607,0.613,-23.742,1.269;365670,0.107,-1.305,0.525,2.947,-29.171,-0.491;365692,0.198,-1.142,0.407,12.768,-25.088,-2.386;365712,0.221,-0.936,0.223,23.176,-14.101,-4.576;365732,0.191,-0.707,0.119,29.679,-1.806,-1.847
2026-05-28T09:30:42.033Z 365752,0.147,-0.551,0.115,51.438,12.198,1.311;365772,0.099,-0.424,0.123,55.780,22.810,5.508;365792,0.077,-0.356,0.088,45.948,32.032,4.609;365812,0.046,-0.475,0.039,-9.311,25.543,8.691;365836,0.040,-0.885,0.040,-67.186,-1.039,16.587
2026-05-28T09:30:42.128Z 365856,0.071,-1.170,0.283,-36.454,-9.590,15.184;365879,0.134,-1.188,0.433,-23.432,0.125,3.185;365899,0.164,-1.214,0.515,-21.401,5.856,-6.551;365919,0.148,-1.174,0.505,-16.735,12.283,-11.321;365939,0.079,-1.100,0.501,-13.346,17.362,-11.484
2026-05-28T09:30:42.220Z 365959,-0.034,-0.957,0.408,-0.294,20.754,-8.776;365979,-0.116,-0.780,0.326,18.858,21.981,-3.606;365999,-0.122,-0.567,0.225,43.660,20.313,0.882;366019,-0.116,-0.382,0.171,58.342,23.355,4.915;366039,-0.097,-0.265,0.150,68.185,26.169,9.362
2026-05-28T09:30:42.335Z 366059,-0.070,-0.266,0.075,42.842,20.339,7.566;366079,0.148,-0.623,-0.007,-3.346,5.048,1.283;366099,0.273,-0.705,-0.111,-40.207,-16.574,-22.868;366119,0.075,-0.883,0.199,-35.036,-25.395,-13.246;366139,-0.085,-1.061,0.206,4.936,-3.367,-7.013
2026-05-28T09:30:42.428Z 366163,-0.031,-1.061,0.255,4.910,-7.046,-2.311;366183,0.030,-1.115,0.334,-6.145,-22.890,2.815;366203,0.066,-1.151,0.296,-6.725,-33.683,6.368;366223,0.149,-1.089,0.269,2.579,-33.648,5.890;366243,0.230,-0.951,0.159,17.353,-24.380,5.231
2026-05-28T09:30:42.549Z 366263,0.255,-0.812,0.035,31.321,-11.962,3.582;366283,0.215,-0.613,-0.121,44.119,-1.452,0.743;366303,0.149,-0.387,-0.138,64.024,14.788,1.051;366327,0.093,-0.242,-0.077,67.613,26.248,5.843;366347,0.035,-0.186,-0.054,58.286,32.455,6.310
2026-05-28T09:30:42.641Z 366367,0.011,-0.257,-0.062,24.906,33.427,2.723;366389,0.077,-0.529,-0.069,-42.276,10.735,4.751;366409,0.149,-1.049,0.424,-59.418,-13.919,11.720;366429,0.189,-1.079,0.863,-54.662,-8.700,9.065;366449,0.201,-1.158,0.733,-29.772,-5.757,3.498
2026-05-28T09:30:42.754Z 366469,0.222,-1.220,0.706,-23.970,-1.634,-4.425;366489,0.153,-1.200,0.721,-22.517,0.351,-7.414;366512,0.044,-1.118,0.641,-13.335,5.627,-6.634;366536,-0.056,-0.935,0.528,6.051,8.271,-2.886;366556,-0.055,-0.692,0.391,30.916,6.737,2.146
2026-05-28T09:30:42.845Z 366578,-0.035,-0.465,0.266,56.244,9.123,5.758;366598,0.012,-0.314,0.234,65.001,11.316,11.997;366618,0.038,-0.227,0.168,55.626,8.987,14.852;366639,0.100,-0.367,0.054,15.019,-0.134,4.382;366659,0.289,-0.912,0.125,-47.750,-20.072,-8.883
2026-05-28T09:30:42.962Z 366679,0.185,-1.294,0.374,-101.049,-31.692,-33.903;366699,0.009,-1.375,0.851,-62.738,-16.455,-17.704;366719,-0.076,-1.434,0.832,-29.103,8.151,-9.657;366739,-0.062,-1.409,0.776,-31.906,-3.060,-4.451;366759,-0.053,-1.405,0.724,-27.211,-14.393,-1.
2026-05-28T09:30:43.056Z 366782,0.032,-1.309,0.656,-14.432,-21.380,0.175;366802,0.146,-1.156,0.515,1.383,-18.503,0.068;366822,0.199,-0.954,0.346,16.648,-10.115,-1.879;366842,0.168,-0.732,0.214,27.756,-1.695,-4.356;366862,0.126,-0.521,0.153,41.491,11.477,-3.221
2026-05-28T09:30:43.148Z 366882,0.086,-0.364,0.121,49.540,21.319,0.210;366905,0.040,-0.282,0.079,42.878,26.672,3.104;366925,-0.003,-0.347,0.051,10.235,24.933,5.801;366945,0.031,-0.618,0.086,-50.398,-5.751,16.473;366965,0.125,-1.106,0.458,-46.582,-26.339,23.860
2026-05-28T09:30:43.269Z 366989,0.084,-1.176,0.873,-36.290,-34.180,18.870;367009,0.161,-1.225,0.902,-29.345,-28.074,7.443;367029,0.193,-1.249,0.903,-29.988,-21.830,-1.093;367049,0.178,-1.229,0.930,-25.517,-8.485,-4.881;367069,0.094,-1.195,0.827,-12.278,6.063,-6.559
2026-05-28T09:30:43.354Z 367089,-0.007,-1.111,0.730,0.944,16.946,-4.455;367110,-0.087,-0.917,0.532,20.962,20.410,0.217;367130,-0.120,-0.686,0.396,40.065,19.921,6.459;367150,-0.139,-0.504,0.303,60.020,19.780,10.832;367170,-0.122,-0.362,0.279,83.747,23.496,12.351
2026-05-28T09:30:43.481Z 367190,-0.067,-0.224,0.207,88.900,19.752,15.168;367210,0.061,-0.235,0.056,74.595,8.797,6.909;367230,0.182,-0.727,0.169,10.424,-24.786,-25.518;367253,-0.188,-1.175,0.482,-25.078,-39.855,-32.193;367273,-0.391,-1.380,1.009,-11.090,-34.810,-11.899
2026-05-28T09:30:43.569Z 367293,-0.403,-1.447,0.833,18.479,-5.236,-8.146;367313,-0.261,-1.434,0.840,10.580,-13.542,-3.965;367333,-0.164,-1.346,0.711,9.112,-21.801,-1.447;367353,-0.119,-1.227,0.658,5.823,-28.739,0.035;367373,-0.026,-1.077,0.512,15.221,-25.133,-2.355
2026-05-28T09:30:43.681Z 367393,0.067,-0.827,0.347,32.192,-13.535,-6.160;367415,0.086,-0.593,0.215,43.101,-0.354,-8.693;367435,0.057,-0.384,0.154,63.644,14.970,-7.797;367455,0.003,-0.275,0.134,60.909,24.343,-4.578;367475,-0.065,-0.249,0.070,29.507,26.249,-4.458
2026-05-28T09:30:43.781Z 367498,-0.110,-0.442,0.023,-22.343,21.524,-0.954;367518,-0.094,-0.809,0.182,-85.624,1.880,8.097;367538,0.026,-1.287,0.349,-58.672,-8.015,13.171;367562,0.086,-1.336,0.296,-37.017,4.521,4.295;367582,0.128,-1.366,0.367,-32.334,11.762,-4.503
2026-05-28T09:30:43.874Z 367602,0.076,-1.364,0.483,-33.820,17.377,-11.566;367622,0.006,-1.328,0.453,-22.320,26.718,-15.684;367644,-0.073,-1.221,0.418,-7.885,33.404,-16.635;367664,-0.147,-1.058,0.342,7.113,31.332,-11.492;367684,-0.176,-0.860,0.227,22.196,26.001,-4.922
2026-05-28T09:30:43.990Z 367704,-0.165,-0.629,0.169,36.802,20.068,1.652;367724,-0.147,-0.472,0.141,52.540,18.816,6.890;367744,-0.126,-0.325,0.134,56.122,19.216,8.747;367764,-0.080,-0.223,0.071,45.671,13.596,8.554;367788,-0.020,-0.250,0.004,19.475,6.082,2.796
2026-05-28T09:30:44.109Z 367808,0.180,-0.812,-0.003,-20.205,-16.867,-9.824;367832,0.051,-1.267,0.322,-61.714,-36.200,-16.000;367855,-0.136,-1.380,0.874,-32.508,-33.599,7.336;367875,-0.129,-1.421,0.826,-15.235,-19.651,7.185;367895,-0.031,-1.382,0.814,-19.102,-26.326,8.3
2026-05-28T09:30:44.228Z 367915,0.029,-1.335,0.684,-9.627,-30.342,11.522;367935,0.089,-1.228,0.605,-7.789,-32.785,13.488;367959,0.184,-1.062,0.460,-0.752,-26.384,10.151;367979,0.230,-0.882,0.296,10.731,-15.862,5.825;367999,0.186,-0.705,0.110,24.100,-5.847,2.572
2026-05-28T09:30:44.282Z 368019,0.101,-0.506,0.072,34.089,6.181,0.778;368039,0.038,-0.371,0.087,39.404,16.002,3.812;368059,-0.010,-0.245,0.086,35.663,21.869,6.257;368079,-0.028,-0.249,0.085,16.224,21.335,5.888;368099,-0.015,-0.398,0.056,-19.288,12.742,5.912
2026-05-28T09:30:44.436Z 368119,0.060,-0.839,0.247,-48.356,-5.905,1.366;368139,0.050,-1.261,0.529,-33.275,-8.040,7.723;368159,0.089,-1.259,0.918,-36.001,0.371,-0.347;368179,0.218,-1.299,1.017,-38.905,0.773,-9.176;368199,0.217,-1.297,1.044,-37.070,7.267,-16.665
2026-05-28T09:30:44.495Z 368221,0.159,-1.264,1.032,-28.287,19.150,-20.969;368241,0.076,-1.213,0.922,-17.251,29.425,-21.881;368261,-0.041,-1.123,0.820,-7.330,32.189,-17.048;368281,-0.150,-0.953,0.657,8.675,28.074,-8.825;368301,-0.176,-0.753,0.501,30.609,22.133,-2.156
2026-05-28T09:30:44.590Z 368324,-0.135,-0.549,0.374,46.068,19.033,4.456;368347,-0.089,-0.410,0.321,52.259,20.032,9.447;368367,-0.053,-0.315,0.221,52.275,15.544,7.306;368387,0.019,-0.343,0.144,30.994,7.948,-2.961;368407,0.141,-0.701,0.236,-40.708,-12.818,-18.539
2026-05-28T09:30:44.710Z 368429,0.095,-1.141,0.601,-24.650,-20.380,-24.766;368449,-0.147,-1.298,1.111,-32.845,-21.718,-6.695;368469,-0.146,-1.409,0.932,-4.142,-0.745,-8.893;368489,-0.090,-1.440,0.963,-1.305,-11.134,-5.080;368512,-0.064,-1.389,0.904,0.117,-20.267,-0.167
2026-05-28T09:30:44.798Z 368532,-0.015,-1.321,0.847,1.619,-27.765,4.223;368552,0.050,-1.213,0.698,10.440,-28.873,7.534;368572,0.100,-1.069,0.525,21.866,-27.033,7.821;368594,0.138,-0.875,0.357,32.337,-23.454,5.785;368614,0.133,-0.645,0.199,38.811,-14.058,1.101
2026-05-28T09:30:44.921Z 368634,0.093,-0.429,0.157,52.362,-2.327,-0.839;368654,0.045,-0.288,0.147,49.836,4.513,2.707;368674,-0.002,-0.231,0.104,32.949,9.100,3.813;368694,-0.024,-0.316,0.073,0.120,5.703,4.678;368714,-0.013,-0.632,0.081,-58.364,-14.543,11.521
2026-05-28T09:30:45.009Z 368734,0.087,-1.137,0.298,-39.721,-26.150,24.338;368758,0.149,-1.136,0.460,-31.575,-19.746,19.411;368778,0.248,-1.209,0.545,-24.651,-15.548,12.395;368798,0.268,-1.252,0.624,-30.978,-9.838,4.019;368818,0.218,-1.242,0.719,-30.277,-0.241,-2.243
2026-05-28T09:30:45.128Z 368838,0.133,-1.217,0.689,-21.195,12.933,-6.923;368862,0.017,-1.131,0.660,-12.257,21.750,-7.087;368884,-0.068,-0.962,0.505,3.626,19.550,-2.052;368904,-0.081,-0.758,0.356,22.418,16.928,4.266;368924,-0.078,-0.534,0.237,40.378,14.417,9.579
2026-05-28T09:30:45.214Z 368944,-0.074,-0.392,0.220,59.892,16.942,13.554;368968,-0.049,-0.295,0.208,63.542,13.000,15.945;368988,0.001,-0.217,0.128,50.093,7.763,12.596;369008,0.121,-0.576,-0.006,-5.413,-11.126,2.097;369028,0.260,-0.732,-0.075,-39.657,-34.744,-19.773
2026-05-28T09:30:45.336Z 369048,0.100,-1.209,0.393,-84.840,-56.467,-29.290;369068,-0.088,-1.229,0.873,-57.319,-29.833,-18.388;369088,-0.107,-1.264,0.859,-37.854,-11.113,-12.256;369108,-0.030,-1.293,0.880,-39.876,-20.844,-6.978;369128,0.039,-1.262,0.803,-26.360,-26.369,
2026-05-28T09:30:45.423Z 369148,0.086,-1.174,0.691,-16.299,-29.042,-2.504;369168,0.162,-1.069,0.562,-4.131,-23.633,-3.652;369188,0.197,-0.890,0.366,13.929,-14.284,-4.983;369210,0.173,-0.679,0.180,27.431,-4.863,-7.521;369230,0.103,-0.460,0.130,45.610,9.728,-8.885
2026-05-28T09:30:45.518Z 369250,0.040,-0.316,0.144,56.355,19.850,-4.918;369270,-0.007,-0.256,0.139,48.397,24.664,-3.248;369290,-0.021,-0.309,0.122,21.197,23.573,-4.728;369310,-0.022,-0.546,0.096,-28.519,2.066,0.818;369330,0.120,-1.064,0.576,-39.778,-16.665,7.356
2026-05-28T09:30:45.634Z 369350,0.077,-1.336,0.884,-26.249,-21.334,15.050;369370,0.134,-1.452,0.695,-8.203,-5.682,6.843;369390,0.185,-1.469,0.715,-10.333,4.014,-1.835;369410,0.153,-1.454,0.738,-11.300,13.739,-8.198;369430,0.067,-1.367,0.677,-0.706,25.017,-11.660
2026-05-28T09:30:45.726Z 369450,-0.028,-1.222,0.580,12.025,32.150,-11.414;369470,-0.129,-1.025,0.423,27.149,33.535,-7.246;369490,-0.179,-0.784,0.323,42.788,28.953,0.439;369510,-0.190,-0.546,0.259,61.492,25.691,6.848;369530,-0.168,-0.379,0.228,74.726,23.293,12.552
2026-05-28T09:30:45.844Z 369550,-0.101,-0.240,0.197,72.169,16.897,16.781;369570,-0.017,-0.184,0.062,49.213,7.496,14.179;369590,0.137,-0.373,-0.186,-8.267,-16.379,3.849;369610,0.064,-0.746,-0.240,-55.586,-29.184,-29.458;369630,-0.107,-1.011,-0.064,-39.942,-40.416,-22.85
2026-05-28T09:30:45.938Z 369650,-0.215,-1.131,0.222,-16.446,-13.388,-15.203;369670,-0.118,-1.129,0.293,-23.144,-18.732,-12.055;369690,-0.041,-1.179,0.342,-16.211,-26.176,-5.969;369710,0.005,-1.134,0.291,-13.359,-32.879,-1.446;369730,0.038,-1.059,0.313,-17.681,-33.687,-
2026-05-28T09:30:46.053Z 369754,0.106,-0.910,0.213,-3.136,-25.952,-1.139;369774,0.148,-0.724,0.079,7.616,-15.632,-2.906;369794,0.121,-0.548,-0.050,16.352,-6.238,-2.692;369814,0.087,-0.353,-0.048,32.612,10.875,-1.402;369834,0.046,-0.224,-0.011,42.479,24.222,2.781
2026-05-28T09:30:46.114Z 369854,-0.003,-0.152,-0.047,36.052,32.051,4.365;369878,-0.009,-0.247,-0.041,4.433,32.050,3.427;369898,0.074,-0.463,0.020,-43.693,22.848,2.430;369918,0.128,-0.992,0.506,-59.222,-2.112,-2.006;369938,-0.163,-1.300,0.746,-23.944,-7.069,2.999
2026-05-28T09:30:46.245Z 369958,-0.088,-1.363,0.878,-12.964,3.110,-5.770;369978,0.000,-1.366,0.956,-13.912,10.334,-14.062;369998,0.007,-1.285,0.886,-8.777,18.424,-17.419;370018,-0.049,-1.202,0.818,-10.143,24.825,-17.310;370038,-0.152,-1.066,0.691,-2.570,28.371,-15.759
2026-05-28T09:30:46.325Z 370058,-0.198,-0.864,0.518,16.602,28.052,-10.301;370078,-0.169,-0.597,0.373,34.061,25.474,-4.324;370098,-0.143,-0.383,0.290,56.848,26.258,2.758;370118,-0.118,-0.270,0.265,67.263,23.766,10.875;370138,-0.065,-0.306,0.153,52.852,14.433,12.220
2026-05-28T09:30:46.450Z 370160,0.186,-0.796,-0.058,10.638,-6.427,6.260;370180,0.027,-1.127,0.106,-42.822,-20.853,-16.514;370200,-0.151,-1.266,0.258,-32.673,-38.517,1.511;370220,-0.257,-1.327,0.765,0.674,-14.337,2.821;370240,-0.183,-1.299,0.738,6.615,-18.998,7.036
2026-05-28T09:30:46.539Z 370260,-0.111,-1.285,0.671,17.635,-30.769,12.598;370280,-0.041,-1.227,0.560,16.033,-40.491,15.668;370300,0.062,-1.103,0.475,20.879,-37.091,15.190;370322,0.144,-0.952,0.346,29.191,-30.190,14.047;370342,0.181,-0.781,0.208,40.331,-20.233,10.110
2026-05-28T09:30:46.627Z 370362,0.136,-0.584,0.097,51.987,-10.057,6.028;370382,0.074,-0.400,0.046,62.006,1.202,4.799;370402,0.021,-0.261,0.049,65.531,10.012,4.946;370424,-0.016,-0.201,0.024,49.595,14.004,4.541;370444,0.002,-0.237,0.038,19.423,15.062,3.231
2026-05-28T09:30:46.750Z 370464,0.079,-0.451,0.067,-35.263,5.899,3.709;370484,0.059,-0.984,0.395,-62.411,-7.354,8.671;370504,-0.088,-1.193,0.802,-55.842,-7.689,13.201;370526,0.031,-1.383,0.669,-32.066,-0.191,4.849;370546,0.204,-1.394,0.745,-31.715,4.580,-6.178
2026-05-28T09:30:46.843Z 370566,0.186,-1.367,0.757,-30.162,14.074,-12.645;370589,0.071,-1.307,0.762,-28.979,21.356,-15.930;370609,-0.069,-1.209,0.678,-21.666,26.960,-17.641;370629,-0.171,-1.078,0.569,-9.728,30.268,-16.985;370649,-0.195,-0.892,0.401,4.915,26.149,-10.789
2026-05-28T09:30:46.958Z 370669,-0.160,-0.654,0.266,22.735,26.200,-3.954;370689,-0.127,-0.487,0.196,47.276,28.825,2.308;370712,-0.091,-0.367,0.177,61.361,26.937,8.818;370732,-0.050,-0.286,0.153,59.600,18.428,11.102;370752,0.020,-0.344,0.062,35.343,7.672,5.182
2026-05-28T09:30:47.043Z 370772,0.257,-0.679,0.064,-20.559,-24.378,-21.530;370792,0.025,-1.173,0.521,-45.097,-47.546,-33.462;370812,-0.202,-1.218,1.039,-19.042,-24.567,-16.851;370832,-0.299,-1.324,1.010,-5.053,-12.221,-7.459;370852,-0.254,-1.261,0.936,-7.628,-17.968,0.
2026-05-28T09:30:47.138Z 370872,-0.181,-1.186,0.754,10.499,-25.417,6.197;370892,-0.110,-1.083,0.626,14.885,-30.329,8.585;370912,0.011,-0.934,0.464,24.398,-25.560,7.327;370934,0.109,-0.747,0.304,36.174,-13.020,3.539;370954,0.115,-0.507,0.171,51.091,-0.346,-0.597
2026-05-28T09:30:47.282Z 370974,0.089,-0.357,0.161,63.734,14.446,0.752;370994,0.051,-0.238,0.159,60.912,25.280,3.488;371014,0.030,-0.203,0.131,27.962,33.353,1.925;371036,0.027,-0.509,0.162,-52.724,29.861,8.988;371056,-0.031,-0.897,0.320,-97.962,9.186,9.857
2026-05-28T09:30:47.346Z 371076,-0.022,-1.363,0.465,-59.812,-0.944,15.997;371096,0.072,-1.434,0.278,-35.890,16.070,3.604;371116,0.161,-1.405,0.417,-37.116,23.813,-6.192;371136,0.154,-1.368,0.480,-33.590,32.903,-13.490;371156,0.042,-1.302,0.494,-24.844,39.924,-16.299
2026-05-28T09:30:47.440Z 371176,-0.076,-1.203,0.453,-14.251,45.627,-13.467;371200,-0.183,-1.008,0.339,7.506,45.072,-7.909;371220,-0.228,-0.778,0.230,29.937,36.398,0.288;371240,-0.221,-0.501,0.170,49.534,28.878,7.636;371260,-0.179,-0.352,0.152,70.339,22.102,14.039
2026-05-28T09:30:47.592Z 371280,-0.126,-0.273,0.113,54.698,18.952,17.518;371300,-0.067,-0.255,0.056,27.697,9.691,12.109;371320,0.025,-0.409,-0.023,-12.282,-2.776,2.328;371340,0.114,-0.738,-0.006,-60.940,-23.435,-16.962;371360,0.021,-1.106,0.420,-74.449,-39.970,-19.135
2026-05-28T09:30:47.646Z 371382,-0.129,-1.251,0.697,-44.550,-18.493,-6.945;371402,-0.147,-1.299,0.715,-33.656,-11.590,-3.248;371422,-0.108,-1.314,0.758,-35.905,-28.226,2.766;371442,-0.052,-1.327,0.699,-24.119,-38.009,7.624;371465,0.084,-1.243,0.620,-9.533,-38.817,7.647
2026-05-28T09:30:47.771Z 371485,0.213,-1.112,0.481,3.386,-31.337,6.081;371505,0.249,-0.966,0.303,16.886,-19.853,4.032;371525,0.193,-0.745,0.128,26.228,-7.848,1.228;371549,0.126,-0.514,0.085,46.051,5.424,0.916;371569,0.080,-0.353,0.118,58.040,17.070,5.677
2026-05-28T09:30:47.857Z 371589,0.032,-0.258,0.119,59.377,24.800,10.344;371609,0.003,-0.303,0.076,31.886,26.958,7.337;371629,0.051,-0.597,0.095,-15.130,0.145,7.394;371649,0.118,-0.951,0.131,-73.084,-31.398,3.006;371669,-0.129,-1.298,0.284,-29.282,-34.663,7.909
2026-05-28T09:30:48.005Z 371689,-0.084,-1.406,0.127,-14.114,-22.002,0.773;371712,0.014,-1.406,0.300,-16.464,-11.881,-7.175;371732,0.044,-1.342,0.360,-13.903,0.439,-11.549;371752,-0.013,-1.254,0.372,-6.965,12.788,-14.278;371772,-0.095,-1.140,0.343,1.449,20.858,-11.422
2026-05-28T09:30:48.126Z 371792,-0.191,-0.967,0.233,22.472,24.037,-5.258;371812,-0.243,-0.774,0.137,39.829,20.194,2.064;371835,-0.212,-0.535,0.075,55.781,15.269,8.345;371855,-0.176,-0.393,0.073,63.848,11.825,13.839;371875,-0.120,-0.289,0.067,65.449,9.063,14.974
2026-05-28T09:30:48.159Z 371895,0.005,-0.338,0.022,35.957,-0.518,8.678;371915,0.177,-0.710,0.075,-16.394,-22.761,-7.538;371939,0.057,-1.126,0.550,-88.120,-39.507,-28.353;371962,-0.079,-1.207,0.969,-48.461,-22.484,-9.208;371982,-0.120,-1.288,0.926,-14.926,-4.738,-1.172
2026-05-28T09:30:48.283Z 372002,-0.068,-1.265,0.882,-12.220,-12.789,4.126;372022,-0.016,-1.269,0.829,-14.470,-26.013,7.144;372042,0.030,-1.239,0.724,-8.775,-32.292,10.005;372062,0.114,-1.097,0.594,4.846,-27.238,10.663;372082,0.187,-0.919,0.404,19.564,-16.139,8.523
2026-05-28T09:30:48.397Z 372102,0.178,-0.707,0.209,29.639,-4.654,4.525;372123,0.124,-0.495,0.131,46.736,10.793,0.913;372143,0.067,-0.320,0.138,60.178,25.882,2.171;372163,0.005,-0.201,0.102,51.765,34.909,4.649;372187,-0.011,-0.168,0.062,17.807,34.140,4.546
2026-05-28T09:30:48.491Z 372207,0.048,-0.467,0.098,-40.016,23.572,5.181;372227,0.040,-0.945,0.237,-96.287,-0.884,2.430;372247,-0.198,-1.136,0.482,-59.331,-5.484,8.115;372267,-0.125,-1.232,0.337,-38.209,3.752,-1.035;372287,-0.014,-1.242,0.469,-45.021,5.524,-11.588
2026-05-28T09:30:48.575Z 372311,0.011,-1.213,0.522,-44.859,10.426,-17.042;372331,-0.064,-1.159,0.607,-43.770,17.450,-17.658;372351,-0.145,-1.100,0.567,-33.799,25.434,-16.404;372375,-0.218,-0.961,0.481,-11.636,29.740,-10.699;372395,-0.255,-0.782,0.306,15.305,26.057,-2.7
2026-05-28T09:30:48.694Z 372417,-0.219,-0.560,0.188,36.922,24.685,4.276;372437,-0.160,-0.382,0.142,51.590,24.617,12.243;372457,-0.099,-0.308,0.111,57.447,21.776,17.130;372477,-0.038,-0.282,0.069,46.797,16.440,14.464;372497,0.085,-0.467,-0.009,6.993,8.957,2.035
2026-05-28T09:30:48.789Z 372517,0.206,-0.715,-0.098,-26.695,-18.333,-20.284;372540,0.037,-1.102,0.181,-6.348,-18.522,-4.066;372560,-0.096,-1.155,0.441,8.373,3.217,4.341;372580,-0.046,-1.193,0.460,24.668,11.670,7.644;372600,0.004,-1.234,0.541,25.124,-0.893,10.498
2026-05-28T09:30:48.878Z 372620,0.063,-1.243,0.541,20.431,-11.947,11.166;372640,0.122,-1.215,0.557,21.184,-20.015,11.151;372660,0.196,-1.105,0.435,30.293,-18.853,9.661;372680,0.227,-0.929,0.298,39.747,-13.287,7.116;372700,0.222,-0.732,0.143,46.438,-5.160,1.431
2026-05-28T09:30:48.997Z 372720,0.147,-0.518,0.063,56.007,7.433,-3.668;372742,0.080,-0.346,0.065,54.747,14.906,-3.275;372762,0.030,-0.235,0.071,39.366,16.982,-0.838;372782,-0.018,-0.229,0.057,18.227,17.557,-0.304;372802,-0.036,-0.359,0.045,-15.196,9.787,-0.693
2026-05-28T09:30:49.089Z 372822,-0.010,-0.675,0.171,-54.765,-5.222,3.418;372842,0.005,-1.173,0.433,-38.137,-13.026,10.708;372862,0.038,-1.250,0.444,-18.372,-4.929,9.301;372882,0.159,-1.279,0.494,-18.070,-3.265,2.952;372902,0.212,-1.280,0.545,-23.352,0.328,-4.912
2026-05-28T09:30:49.211Z 372922,0.167,-1.289,0.631,-24.326,7.750,-11.942;372942,0.116,-1.238,0.603,-11.742,21.831,-16.838;372962,0.032,-1.102,0.537,0.649,30.348,-16.514;372982,-0.081,-0.935,0.423,12.344,29.522,-11.358;373002,-0.169,-0.747,0.312,25.205,24.911,-4.975
2026-05-28T09:30:49.298Z 373022,-0.172,-0.540,0.227,35.312,19.856,1.712;373042,-0.145,-0.403,0.141,32.607,15.358,8.847;373062,-0.085,-0.311,0.133,29.922,9.355,14.181;373084,-0.028,-0.281,0.086,19.355,2.138,13.835;373104,0.042,-0.389,0.045,-15.665,-9.581,7.844
2026-05-28T09:30:49.388Z 373124,0.241,-0.802,0.047,-45.808,-33.183,-10.915;373147,-0.037,-1.110,0.099,-28.618,-35.100,-4.366;373167,-0.113,-1.240,0.202,-3.882,-13.538,-3.311;373187,-0.081,-1.309,0.270,12.795,-2.554,-1.920;373207,-0.043,-1.319,0.375,13.659,-10.703,2.052
2026-05-28T09:30:49.507Z 373227,-0.018,-1.273,0.409,12.169,-18.867,5.983;373247,0.014,-1.217,0.453,20.066,-18.866,8.944;373267,0.094,-1.129,0.357,30.249,-14.452,11.616;373287,0.167,-0.965,0.222,38.557,-11.295,11.179;373307,0.159,-0.773,0.090,42.661,-10.114,7.811
2026-05-28T09:30:49.594Z 373327,0.095,-0.576,0.009,51.194,-0.650,1.699;373349,0.047,-0.387,-0.022,56.369,8.832,-1.595;373371,0.007,-0.245,0.000,50.825,15.719,-2.108;373391,-0.019,-0.208,0.015,30.228,19.413,-3.355;373414,0.001,-0.276,0.009,-1.186,17.920,-2.383
2026-05-28T09:30:49.745Z 373434,0.059,-0.706,0.194,-45.228,7.606,-2.723;373454,0.013,-0.998,0.295,-24.619,5.732,8.172;373474,-0.007,-1.123,0.337,-13.492,13.753,6.232;373494,0.111,-1.185,0.479,-18.866,13.759,-0.338;373514,0.169,-1.219,0.539,-21.978,16.520,-6.473
2026-05-28T09:30:49.865Z 373534,0.112,-1.212,0.621,-23.543,21.037,-10.828;373554,0.041,-1.157,0.604,-14.088,28.144,-15.689;373574,-0.055,-1.078,0.521,-1.309,31.741,-17.017;373598,-0.149,-0.924,0.426,12.749,30.331,-14.053;373618,-0.184,-0.712,0.324,29.751,22.861,-6.616
2026-05-28T09:30:49.921Z 373640,-0.144,-0.490,0.222,48.964,19.011,0.317;373660,-0.088,-0.347,0.193,53.860,19.235,6.871;373680,-0.048,-0.250,0.167,52.602,14.958,12.526;373700,-0.018,-0.177,0.127,42.899,11.561,13.816;373720,0.035,-0.280,0.034,13.292,3.345,5.841
2026-05-28T09:30:50.013Z 373740,0.309,-0.476,-0.063,-28.875,-19.596,-17.507;373760,0.193,-1.005,0.212,-14.665,-36.084,-25.456;373780,-0.108,-1.140,0.764,-18.545,-23.210,-15.276;373800,-0.132,-1.336,0.542,20.107,-14.757,-15.831;373820,-0.077,-1.412,0.588,19.462,-21.946,
2026-05-28T09:30:50.108Z 373840,-0.027,-1.373,0.573,12.570,-31.371,-7.469;373862,0.027,-1.320,0.607,5.347,-37.597,-1.674;373882,0.100,-1.254,0.565,11.951,-31.857,1.660;373902,0.142,-1.156,0.433,29.138,-23.700,4.119;373926,0.151,-0.994,0.301,38.463,-13.196,4.736
2026-05-28T09:30:50.226Z 373950,0.154,-0.748,0.182,52.817,1.061,0.885;373970,0.151,-0.510,0.137,72.818,20.686,1.012;373990,0.138,-0.346,0.174,87.722,34.713,6.561;374010,0.096,-0.207,0.181,78.336,43.367,12.896;374030,0.027,-0.231,0.129,43.121,45.981,9.385
2026-05-28T09:30:50.316Z 374050,-0.012,-0.582,0.193,-44.811,19.015,9.771;374070,-0.013,-1.095,0.622,-84.543,-10.818,-0.578;374090,-0.223,-1.373,0.766,-45.293,-21.555,3.310;374113,-0.160,-1.399,0.595,-24.537,-6.237,-5.888;374133,-0.115,-1.396,0.637,-24.748,-1.117,-11.24
2026-05-28T09:30:50.438Z 374153,-0.123,-1.307,0.594,-21.338,5.450,-10.010;374173,-0.165,-1.195,0.580,-17.405,11.627,-8.028;374193,-0.204,-1.045,0.486,-2.984,16.347,-3.752;374213,-0.233,-0.843,0.357,19.830,17.996,1.563;374233,-0.208,-0.625,0.234,38.462,16.524,6.963
2026-05-28T09:30:50.524Z 374253,-0.178,-0.464,0.148,46.078,18.037,12.400;374273,-0.126,-0.342,0.090,46.078,17.400,14.811;374293,-0.050,-0.270,0.048,35.175,15.605,13.419;374314,0.015,-0.283,-0.011,2.589,8.797,5.840;374334,0.126,-0.686,-0.070,-28.607,3.238,-4.070
2026-05-28T09:30:50.617Z 374354,0.093,-0.907,0.167,-79.312,-9.534,-19.581;374378,-0.208,-1.151,0.595,-65.813,-18.696,2.845;374398,-0.267,-1.298,0.645,-35.607,-6.416,3.554;374422,-0.242,-1.351,0.790,-31.090,-19.855,8.029;374442,-0.172,-1.353,0.795,-24.092,-34.427,13.850
2026-05-28T09:30:50.740Z 374462,-0.025,-1.330,0.704,-10.856,-37.851,16.189;374482,0.108,-1.277,0.611,-0.677,-38.207,17.874;374502,0.187,-1.143,0.490,5.788,-33.913,16.093;374522,0.202,-0.980,0.305,12.985,-26.784,13.538;374542,0.156,-0.790,0.148,17.657,-20.789,10.589
2026-05-28T09:30:50.824Z 374566,0.070,-0.561,0.055,33.163,-11.308,7.463;374586,-0.005,-0.421,0.044,39.972,-4.457,8.588;374606,-0.040,-0.335,0.048,32.337,-2.965,11.149;374626,-0.031,-0.358,0.034,11.987,-5.871,10.011;374646,0.041,-0.605,0.062,-27.403,-14.786,6.610
2026-05-28T09:30:50.944Z 374666,0.125,-1.104,0.395,-44.954,-36.665,-4.722;374686,0.007,-1.369,0.365,-13.794,-35.688,5.646;374709,0.039,-1.320,0.680,-20.257,-20.795,0.296;374729,0.143,-1.309,0.725,-23.133,-15.836,-5.373;374749,0.157,-1.275,0.706,-21.567,-9.029,-10.582
2026-05-28T09:30:51.039Z 374772,0.103,-1.184,0.706,-21.665,-3.765,-13.785;374792,0.019,-1.062,0.609,-10.377,1.459,-13.855;374812,-0.062,-0.924,0.479,6.277,4.692,-10.732;374832,-0.111,-0.747,0.315,28.361,1.525,-4.733;374852,-0.108,-0.563,0.199,42.692,-3.043,0.430
2026-05-28T09:30:51.156Z 374872,-0.095,-0.383,0.146,57.785,-3.603,2.119;374895,-0.070,-0.293,0.057,61.092,-2.888,2.614;374915,0.012,-0.289,0.053,39.257,-6.126,-2.805;374935,0.244,-0.712,0.103,-25.234,-19.874,-9.006;374955,0.120,-1.160,0.481,-85.408,-41.859,-27.226
2026-05-28T09:30:51.249Z 374979,-0.066,-1.298,1.009,-55.247,-41.101,-4.540;374999,-0.185,-1.421,0.944,-26.809,-30.487,-2.748;375019,-0.122,-1.404,0.871,-29.691,-45.597,-0.125;375039,-0.037,-1.381,0.760,-19.351,-58.515,4.357;375059,0.039,-1.276,0.684,-17.977,-63.855,7.2
2026-05-28T09:30:51.361Z 375079,0.133,-1.160,0.588,-12.369,-65.016,8.628;375099,0.196,-0.970,0.411,3.347,-55.849,8.007;375123,0.223,-0.772,0.244,14.106,-40.313,5.466;375143,0.197,-0.547,0.175,22.281,-25.147,2.659;375163,0.148,-0.382,0.145,39.126,-10.224,0.619
2026-05-28T09:30:51.484Z 375183,0.060,-0.258,0.113,38.814,-2.144,1.788;375203,-0.023,-0.219,0.067,12.018,-2.097,1.303;375227,-0.068,-0.358,0.092,-32.522,-8.448,2.546;375247,-0.019,-0.820,0.416,-71.040,-27.945,1.358;375267,-0.035,-1.252,0.548,-40.764,-38.749,8.717
2026-05-28T09:30:51.573Z 375287,0.025,-1.265,0.904,-40.207,-35.793,11.950;375307,0.068,-1.274,0.920,-33.489,-30.049,7.179;375327,0.078,-1.290,0.912,-32.402,-29.762,3.442;375347,0.052,-1.260,0.870,-28.430,-31.368,2.078;375367,0.008,-1.193,0.755,-16.136,-30.581,1.142
2026-05-28T09:30:51.691Z 375387,-0.023,-1.034,0.612,-3.837,-28.905,4.755;375407,-0.047,-0.841,0.483,10.581,-27.792,9.079;375429,-0.045,-0.612,0.387,29.703,-26.507,12.823;375449,-0.062,-0.410,0.305,58.866,-21.918,16.362;375469,-0.080,-0.264,0.289,72.604,-19.152,21.584
2026-05-28T09:30:51.751Z 375489,-0.058,-0.181,0.263,72.315,-23.988,27.215;375509,-0.014,-0.243,0.220,40.823,-36.219,21.129;375529,0.213,-0.807,-0.043,-14.721,-65.897,17.612;375549,0.210,-1.286,0.564,-60.395,-97.293,-5.990;375569,-0.260,-1.388,0.641,-36.248,-101.221,21.
2026-05-28T09:30:51.871Z 375589,-0.316,-1.529,0.999,-19.220,-89.553,20.862;375609,-0.226,-1.486,0.909,-6.623,-89.945,18.968;375629,-0.126,-1.499,0.927,3.654,-97.446,22.294;375649,0.003,-1.384,0.833,7.427,-101.094,23.761;375669,0.132,-1.253,0.692,13.024,-99.507,23.852
2026-05-28T09:30:52.026Z 375689,0.185,-1.100,0.554,22.056,-93.672,23.219;375709,0.209,-0.926,0.323,31.867,-85.444,21.699;375732,0.214,-0.750,0.183,32.700,-77.507,19.263;375752,0.181,-0.560,0.087,40.383,-66.037,14.646;375772,0.099,-0.403,0.094,47.125,-56.891,12.246
2026-05-28T09:30:52.059Z 375792,0.006,-0.299,0.099,39.250,-52.615,12.749;375816,-0.042,-0.281,0.077,23.026,-52.184,11.407;375836,-0.045,-0.366,0.058,-4.295,-57.531,9.161;375856,0.065,-0.703,0.109,-45.893,-71.359,8.545;375876,0.093,-1.198,0.259,-17.806,-74.141,18.880
2026-05-28T09:30:52.237Z 375896,0.127,-1.317,0.484,-15.117,-71.672,21.628;375916,0.285,-1.357,0.533,-3.318,-62.807,17.060;375936,0.361,-1.362,0.582,-5.769,-58.916,11.069;375956,0.319,-1.311,0.606,-10.213,-52.037,4.071;375976,0.226,-1.254,0.652,-11.025,-41.678,-1.304
2026-05-28T09:30:52.293Z 375996,0.140,-1.153,0.589,-2.917,-33.851,-2.072;376016,0.055,-1.021,0.481,10.832,-31.017,3.324;376036,-0.002,-0.812,0.364,27.024,-31.967,10.231;376056,-0.027,-0.593,0.255,43.322,-33.434,15.703;376076,-0.031,-0.413,0.220,60.701,-36.677,18.706
2026-05-28T09:30:52.383Z 376099,-0.005,-0.302,0.166,68.744,-40.779,19.654;376119,0.048,-0.271,0.116,61.188,-47.828,14.570;376139,0.289,-0.749,-0.117,0.868,-57.737,1.140;376159,0.144,-0.926,-0.093,-41.184,-57.353,-28.381;376179,-0.066,-1.351,0.166,-49.133,-73.433,-21.58
2026-05-28T09:30:52.475Z 376199,-0.110,-1.430,0.342,-27.929,-44.794,-13.836;376219,-0.039,-1.433,0.300,-9.458,-36.390,-12.734;376239,0.042,-1.473,0.357,-8.295,-41.598,-11.231;376259,0.093,-1.394,0.335,-10.210,-48.459,-8.832;376279,0.132,-1.297,0.376,-5.080,-49.403,-4.4
2026-05-28T09:30:52.594Z 376303,0.168,-1.172,0.292,4.883,-46.716,-0.192;376323,0.204,-1.039,0.156,16.904,-39.233,0.529;376343,0.223,-0.829,0.050,23.469,-31.260,-0.845;376363,0.215,-0.590,0.018,42.397,-17.004,-5.236;376383,0.155,-0.383,0.004,59.805,-5.628,-7.209
2026-05-28T09:30:52.690Z 376403,0.035,-0.247,0.030,64.219,-0.380,-5.475;376423,-0.078,-0.170,0.033,53.954,0.116,-4.597;376443,-0.125,-0.229,0.053,19.494,-6.447,-5.970;376463,-0.087,-0.592,0.039,-38.151,-27.086,0.746;376483,0.077,-1.103,0.401,-38.709,-43.815,4.383
2026-05-28T09:30:52.778Z 376503,0.051,-1.335,0.551,-36.134,-48.888,14.083;376523,0.139,-1.434,0.577,-24.324,-40.676,9.129;376543,0.220,-1.484,0.627,-23.147,-33.714,1.414;376563,0.237,-1.475,0.677,-21.076,-22.230,-6.166;376583,0.185,-1.420,0.661,-16.614,-8.193,-12.372
2026-05-28T09:30:52.866Z 376603,0.118,-1.344,0.608,-9.197,3.409,-15.997;376623,0.026,-1.208,0.497,3.526,10.176,-14.420;376643,-0.053,-1.026,0.363,16.199,11.881,-9.474;376663,-0.089,-0.816,0.239,31.512,11.198,-3.989;376683,-0.094,-0.591,0.138,44.995,12.649,2.629
2026-05-28T09:30:52.960Z 376703,-0.084,-0.392,0.113,59.431,10.587,8.260;376723,-0.072,-0.274,0.073,69.843,8.715,11.606;376743,-0.019,-0.288,-0.010,52.390,5.092,5.261;376763,0.153,-0.611,-0.146,-5.978,-3.326,-2.687;376783,0.230,-0.623,-0.196,-63.336,-14.830,-20.927
2026-05-28T09:30:53.077Z 376803,0.064,-1.073,0.258,-80.313,-22.887,-10.192;376823,-0.037,-1.173,0.709,-63.185,-4.686,-0.573;376843,0.013,-1.242,0.580,-35.360,10.684,-3.047;376863,0.036,-1.281,0.649,-28.060,0.393,0.598;376883,0.043,-1.217,0.609,-25.938,-11.229,4.602
2026-05-28T09:30:53.167Z 376907,0.082,-1.158,0.585,-17.681,-20.092,7.511;376927,0.130,-1.044,0.447,0.096,-21.308,8.242;376947,0.194,-0.883,0.290,13.750,-20.089,7.194;376967,0.223,-0.713,0.155,18.161,-19.172,5.600;376987,0.187,-0.472,0.085,36.018,-6.949,0.316
2026-05-28T09:30:53.288Z 377008,0.142,-0.297,0.068,48.285,5.418,-1.512;377028,0.084,-0.164,0.062,47.313,14.365,-1.145;377048,0.037,-0.242,0.039,18.235,18.830,-4.210;377068,0.033,-0.775,-0.023,-41.721,11.510,-1.932;377088,0.051,-1.259,0.430,-75.160,-14.560,-1.698
2026-05-28T09:30:53.374Z 377108,0.093,-1.236,0.799,-63.804,-9.813,0.844;377130,0.158,-1.261,0.564,-32.517,3.341,-3.250;377150,0.166,-1.287,0.574,-33.783,9.661,-8.651;377170,0.142,-1.249,0.569,-39.161,14.135,-12.290;377194,0.083,-1.173,0.620,-34.029,24.695,-17.025
2026-05-28T09:30:53.498Z 377214,0.009,-1.060,0.533,-21.051,33.808,-16.163;377234,-0.104,-0.892,0.394,-0.352,38.615,-11.296;377254,-0.197,-0.691,0.258,18.149,33.894,-3.493;377274,-0.201,-0.469,0.197,40.970,31.090,3.178;377294,-0.159,-0.290,0.172,62.748,27.140,11.750
2026-05-28T09:30:53.589Z 377317,-0.092,-0.236,0.106,61.951,20.506,16.728;377337,0.114,-0.800,-0.003,-10.092,2.946,1.652;377357,0.239,-1.254,0.052,-50.912,-25.108,-31.450;377379,-0.000,-1.584,0.226,-52.916,-47.837,-33.412;377399,-0.109,-1.761,0.792,-35.045,-38.592,-16.2
2026-05-28T09:30:53.709Z 377419,-0.046,-1.647,0.639,-16.449,-23.621,-12.762;377441,0.067,-1.675,0.710,-15.575,-31.439,-8.138;377461,0.107,-1.550,0.588,-10.666,-38.973,-3.670;377481,0.156,-1.398,0.544,-8.205,-41.605,-2.054;377501,0.220,-1.223,0.451,2.455,-34.668,-3.609
2026-05-28T09:30:53.794Z 377521,0.253,-0.989,0.304,19.885,-20.606,-7.953;377541,0.231,-0.756,0.169,38.197,-6.053,-11.144;377562,0.166,-0.543,0.125,51.895,7.554,-11.902;377582,0.090,-0.356,0.119,59.272,17.096,-10.552;377602,0.014,-0.248,0.100,40.512,18.853,-9.098
2026-05-28T09:30:53.916Z 377622,-0.027,-0.287,0.095,4.223,15.292,-8.381;377642,-0.039,-0.527,0.074,-57.028,-0.487,-3.838;377662,0.039,-1.048,0.647,-93.225,-21.920,1.475;377682,-0.014,-1.402,0.688,-50.786,-21.452,6.084;377702,-0.001,-1.431,0.745,-38.673,-12.054,2.091
2026-05-28T09:30:54.037Z 377722,0.085,-1.474,0.778,-34.630,-3.517,-5.620;377745,0.094,-1.441,0.774,-27.934,6.257,-12.054;377765,0.026,-1.379,0.704,-19.496,15.197,-15.107;377785,-0.065,-1.252,0.627,-10.190,21.634,-16.698;377805,-0.147,-1.048,0.472,7.204,21.474,-12.968
2026-05-28T09:30:54.091Z 377825,-0.177,-0.775,0.354,27.364,17.841,-7.596;377845,-0.170,-0.539,0.237,44.344,15.339,-1.349;377868,-0.133,-0.394,0.212,58.090,17.350,4.164;377888,-0.076,-0.293,0.124,52.087,15.141,6.168;377908,0.017,-0.354,0.025,8.257,4.575,-1.646
2026-05-28T09:30:54.220Z 377928,0.272,-0.856,-0.054,-46.384,-17.067,-17.338;377950,0.210,-1.317,0.400,-87.309,-32.177,-40.765;377970,-0.201,-1.438,0.490,-61.551,-38.886,-21.029;377990,-0.258,-1.486,0.424,-32.689,-14.779,-19.421;378010,-0.211,-1.482,0.488,-29.232,-20.75
2026-05-28T09:30:54.306Z 378030,-0.152,-1.410,0.467,-20.096,-27.897,-6.459;378050,-0.094,-1.328,0.422,-18.235,-35.037,-1.971;378071,-0.011,-1.234,0.411,-12.433,-37.509,1.028;378091,0.063,-1.078,0.298,1.902,-29.877,1.737;378111,0.106,-0.910,0.152,12.731,-19.848,2.395
2026-05-28T09:30:54.399Z 378131,0.077,-0.674,0.046,32.025,-9.546,-0.582;378153,0.035,-0.468,0.014,54.833,3.302,-1.982;378173,-0.004,-0.344,0.057,57.915,11.770,1.423;378193,-0.047,-0.286,0.044,48.102,17.448,1.627;378213,-0.070,-0.553,0.078,-22.605,16.002,3.990
2026-05-28T09:30:54.549Z 378233,0.076,-0.914,-0.000,-78.101,-11.264,4.475;378257,0.160,-1.377,0.427,-40.330,-11.369,13.004;378277,0.236,-1.314,0.777,-41.568,-0.728,8.324;378297,0.314,-1.327,0.747,-25.830,8.912,0.409;378317,0.334,-1.355,0.768,-21.836,17.143,-6.984
2026-05-28T09:30:54.605Z 378337,0.274,-1.305,0.784,-19.257,25.457,-12.656;378357,0.186,-1.236,0.731,-14.656,35.051,-17.512;378377,0.057,-1.112,0.644,-6.791,39.461,-18.975;378401,-0.074,-0.946,0.490,7.421,35.593,-13.291;378421,-0.109,-0.769,0.345,23.886,28.075,-6.022
2026-05-28T09:30:54.761Z 378441,-0.074,-0.559,0.232,36.975,21.657,0.392;378461,-0.020,-0.415,0.188,38.359,18.143,5.895;378481,0.005,-0.315,0.143,41.989,17.280,9.224;378501,0.043,-0.304,0.093,36.011,17.142,3.974;378521,0.221,-0.714,0.102,-17.401,0.947,-2.223
2026-05-28T09:30:54.820Z 378541,0.234,-1.166,0.418,-36.919,-14.658,-20.253;378561,-0.082,-1.309,0.686,-28.460,-23.546,-6.276;378581,-0.135,-1.374,0.700,-5.011,-2.683,-4.897;378601,-0.103,-1.397,0.705,10.481,-5.183,-2.711;378621,-0.069,-1.374,0.679,13.788,-13.186,1.066
2026-05-28T09:30:54.910Z 378641,-0.032,-1.313,0.658,8.699,-20.061,4.154;378661,0.001,-1.242,0.638,9.967,-22.453,7.038;378681,0.032,-1.155,0.526,15.420,-25.018,9.652;378701,0.071,-1.035,0.388,24.652,-26.282,10.795;378721,0.112,-0.852,0.247,32.087,-24.244,7.328
2026-05-28T09:30:55.030Z 378742,0.110,-0.653,0.128,37.070,-20.058,1.027;378762,0.085,-0.440,0.067,46.506,-9.524,-2.718;378782,0.060,-0.301,0.078,50.727,0.080,-2.878;378802,0.027,-0.213,0.058,41.287,4.609,-3.549;378822,-0.034,-0.333,0.024,11.254,6.829,-5.049
2026-05-28T09:30:55.118Z 378842,-0.012,-0.742,0.251,-47.298,-6.353,-2.937;378862,0.013,-1.230,0.378,-29.015,-8.715,5.668;378886,0.074,-1.309,0.651,-27.007,-2.427,10.657;378906,0.118,-1.384,0.702,-24.228,6.406,6.913;378926,0.135,-1.416,0.722,-26.014,12.879,1.574
2026-05-28T09:30:55.241Z 378946,0.105,-1.396,0.746,-27.852,18.619,-3.793;378970,0.033,-1.328,0.714,-25.835,24.734,-7.911;378990,-0.064,-1.214,0.623,-18.710,27.698,-7.370;379010,-0.163,-1.079,0.472,-6.959,26.281,-3.066;379030,-0.219,-0.904,0.300,10.739,18.073,3.839
2026-05-28T09:30:55.323Z 379050,-0.157,-0.649,0.176,28.473,10.931,8.700;379070,-0.085,-0.430,0.127,46.770,9.401,13.217;379090,-0.040,-0.327,0.104,60.564,12.019,16.608;379110,0.014,-0.288,0.077,55.728,9.420,14.780;379130,0.141,-0.514,-0.006,12.716,1.021,3.631
2026-05-28T09:30:55.419Z 379150,0.130,-0.772,-0.109,-25.364,-19.997,-20.696;379173,-0.074,-1.200,0.162,-7.881,-42.467,-23.376;379193,-0.136,-1.254,0.412,-1.124,-21.385,-16.664;379213,-0.096,-1.281,0.372,21.018,-23.972,-10.305;379233,-0.039,-1.267,0.388,24.365,-27.948,-
2026-05-28T09:30:55.532Z 379255,0.004,-1.212,0.365,22.303,-33.845,1.678;379275,0.043,-1.132,0.353,24.762,-34.426,2.011;379295,0.116,-1.028,0.238,31.732,-26.680,0.335;379315,0.188,-0.888,0.128,38.151,-17.844,-2.121;379335,0.185,-0.686,0.000,38.242,-8.530,-4.384
2026-05-28T09:30:55.620Z 379355,0.145,-0.498,-0.043,43.657,5.558,-6.615;379375,0.083,-0.330,-0.021,49.166,18.649,-5.960;379395,0.017,-0.236,-0.016,46.707,27.149,-3.682;379419,-0.037,-0.283,-0.013,24.256,30.044,-2.707;379439,-0.053,-0.448,-0.029,-12.414,26.270,-0.926
2026-05-28T09:30:55.770Z 379459,0.021,-0.981,0.302,-27.197,12.359,5.961;379479,0.065,-1.236,0.497,-22.916,11.119,14.650;379499,0.060,-1.285,0.589,-8.080,23.495,8.332;379519,0.063,-1.326,0.660,-7.610,26.425,0.235;379539,0.066,-1.343,0.708,-11.110,28.358,-6.554
2026-05-28T09:30:55.831Z 379563,0.013,-1.306,0.677,-7.942,32.454,-11.419;379583,-0.050,-1.186,0.587,-0.699,33.033,-12.422;379603,-0.127,-1.045,0.452,7.838,30.944,-10.045;379627,-0.175,-0.875,0.313,17.713,26.000,-3.521;379647,-0.131,-0.659,0.204,30.464,21.322,0.300
2026-05-28T09:30:55.951Z 379667,-0.086,-0.476,0.162,37.934,20.257,4.406;379690,-0.059,-0.358,0.106,43.971,19.553,6.808;379710,0.007,-0.351,0.033,34.116,18.295,5.334;379730,0.181,-0.833,0.087,-21.666,-1.817,2.906;379750,0.033,-1.204,0.313,-58.077,-19.406,-14.512
2026-05-28T09:30:56.041Z 379774,-0.165,-1.290,0.749,-53.476,-29.093,-1.954;379794,-0.137,-1.369,0.663,-21.001,-22.687,-1.913;379814,-0.088,-1.393,0.686,-15.113,-29.703,-0.114;379834,-0.056,-1.353,0.682,-19.997,-37.213,3.269;379854,-0.040,-1.278,0.710,-23.204,-43.478,7.
2026-05-28T09:30:56.130Z 379874,-0.000,-1.199,0.656,-12.903,-41.104,8.756;379894,0.052,-1.100,0.482,6.299,-36.595,10.089;379914,0.113,-0.937,0.311,18.236,-32.360,9.993;379934,0.128,-0.726,0.130,24.454,-26.344,7.326;379954,0.098,-0.478,0.080,42.448,-11.781,2.329
2026-05-28T09:30:56.251Z 379975,0.076,-0.294,0.072,53.695,0.267,1.101;379995,0.031,-0.194,0.049,45.311,8.421,3.216;380015,-0.023,-0.170,0.024,11.534,13.439,1.119;380035,-0.018,-0.676,-0.016,-49.238,-8.966,3.316;380055,0.092,-1.175,0.305,-46.128,-21.327,11.660
2026-05-28T09:30:56.341Z 380079,0.134,-1.209,0.727,-41.406,-16.864,14.501;380099,0.187,-1.283,0.542,-36.953,-9.189,9.656;380119,0.179,-1.345,0.580,-33.278,-2.309,3.447;380139,0.120,-1.318,0.621,-33.166,2.853,-1.709;380163,0.061,-1.270,0.604,-27.092,12.185,-7.039
2026-05-28T09:30:56.461Z 380185,-0.026,-1.151,0.585,-19.559,18.991,-8.928;380205,-0.108,-1.001,0.488,-5.108,20.802,-6.276;380225,-0.164,-0.827,0.347,14.381,19.220,0.420;380245,-0.121,-0.594,0.212,32.073,18.671,6.526;380265,-0.085,-0.429,0.153,44.492,18.260,12.248
2026-05-28T09:30:56.643Z 380289,-0.055,-0.338,0.130,50.040,18.286,16.026;380309,-0.028,-0.259,0.126,35.997,14.802,11.760;380329,0.012,-0.302,0.106,3.681,8.086,3.011;380349,0.126,-0.662,-0.014,-33.767,-10.668,-2.976;380369,0.132,-1.162,0.321,-51.150,-26.957,-21.762
2026-05-28T09:30:56.672Z 380389,-0.054,-1.349,0.505,-41.216,-26.246,-16.467;380409,-0.104,-1.432,0.665,-23.453,-10.856,-11.020;380429,-0.122,-1.462,0.731,-17.032,-11.645,-6.028;380449,-0.113,-1.451,0.756,-14.871,-18.357,-1.412;380470,-0.069,-1.397,0.729,-13.565,-26.819
2026-05-28T09:30:56.770Z 380494,-0.000,-1.318,0.624,-3.822,-26.678,5.783;380514,0.091,-1.162,0.502,6.529,-24.663,5.085;380534,0.152,-0.967,0.330,14.595,-21.220,1.221;380554,0.114,-0.758,0.160,24.299,-16.087,-3.849;380574,0.041,-0.556,0.092,28.903,-7.448,-6.885
2026-05-28T09:30:56.886Z 380594,-0.020,-0.391,0.060,27.772,-1.012,-7.357;380614,-0.066,-0.288,0.068,19.367,2.839,-4.732;380634,-0.061,-0.300,0.064,2.683,3.246,-3.733;380654,-0.029,-0.489,0.045,-27.364,-0.720,-2.827;380674,0.078,-0.815,0.176,-27.727,-18.987,-3.140
2026-05-28T09:30:56.972Z 380697,0.033,-1.097,0.337,-20.446,-20.835,6.693;380717,0.091,-1.151,0.508,-15.997,-16.410,4.124;380737,0.213,-1.223,0.557,-13.194,-12.658,-2.182;380757,0.221,-1.256,0.628,-17.212,-6.529,-8.317;380777,0.151,-1.230,0.709,-19.382,2.846,-14.246
2026-05-28T09:30:57.069Z 380797,0.067,-1.179,0.681,-11.961,13.661,-19.482;380820,-0.010,-1.104,0.619,-3.483,21.198,-20.978;380840,-0.082,-0.949,0.449,11.669,22.321,-17.065;380860,-0.110,-0.771,0.307,27.204,19.376,-10.694;380880,-0.079,-0.556,0.204,44.565,19.427,-5.293
2026-05-28T09:30:57.183Z 380902,-0.053,-0.384,0.144,54.836,19.680,-0.302;380922,-0.037,-0.264,0.144,56.242,20.995,3.184;380942,-0.032,-0.251,0.103,39.438,15.190,2.130;380962,0.088,-0.479,-0.000,1.250,-4.968,-0.136;380982,0.244,-0.810,0.177,-33.801,-27.899,-20.668
2026-05-28T09:30:57.279Z 381006,-0.007,-1.180,0.219,-4.204,-33.867,-3.991;381026,-0.059,-1.267,0.319,12.430,-14.670,-1.993;381046,-0.016,-1.299,0.414,11.371,-23.483,1.336;381067,0.007,-1.286,0.472,13.410,-32.045,5.694;381087,0.045,-1.247,0.481,8.386,-40.248,9.792
2026-05-28T09:30:57.396Z 381107,0.095,-1.184,0.475,9.262,-41.966,11.767;381127,0.143,-1.083,0.374,15.535,-41.722,12.803;381147,0.187,-0.945,0.279,19.907,-39.044,11.976;381167,0.200,-0.774,0.159,24.053,-36.208,6.963;381187,0.149,-0.580,0.059,33.537,-28.662,0.739
2026-05-28T09:30:57.510Z 381207,0.077,-0.412,0.030,35.153,-23.063,-1.416;381227,-0.003,-0.290,0.035,24.396,-21.251,0.158;381247,-0.053,-0.255,0.029,7.672,-22.367,2.761;381271,-0.065,-0.373,0.034,-19.333,-29.357,5.908;381295,0.003,-0.878,0.217,-21.450,-37.432,5.183
2026-05-28T09:30:57.573Z 381315,0.012,-1.255,0.434,-19.707,-35.937,14.935;381335,0.110,-1.318,0.489,-6.616,-29.292,14.023;381355,0.181,-1.394,0.575,-7.867,-24.880,10.432;381375,0.230,-1.454,0.644,-11.228,-20.965,4.834;381395,0.189,-1.443,0.708,-11.384,-16.172,-1.244
2026-05-28T09:30:57.692Z 381415,0.121,-1.403,0.678,-8.037,-10.231,-7.442;381435,0.030,-1.312,0.634,-1.009,-8.046,-10.698;381455,-0.044,-1.171,0.545,4.278,-10.511,-10.867;381475,-0.070,-1.003,0.428,9.917,-14.629,-7.763;381495,-0.069,-0.823,0.325,22.483,-18.761,-1.699
2026-05-28T09:30:57.786Z 381515,-0.070,-0.617,0.218,35.233,-25.001,4.371;381535,-0.114,-0.430,0.166,50.694,-29.857,8.840;381559,-0.132,-0.341,0.175,64.422,-33.975,10.167;381579,-0.077,-0.307,0.114,48.908,-41.394,4.917;381599,0.046,-0.446,0.087,8.741,-53.880,-1.589
2026-05-28T09:30:57.905Z 381619,0.278,-0.677,0.292,-55.284,-81.247,-8.681;381639,0.058,-1.101,0.306,-36.151,-83.699,-5.770;381659,0.001,-1.144,0.859,-54.487,-69.414,1.042;381679,0.073,-1.208,0.801,-33.048,-66.418,1.966;381699,0.106,-1.258,0.822,-27.202,-74.427,4.292
2026-05-28T09:30:58.023Z 381719,0.130,-1.231,0.761,-21.273,-79.770,6.081;381739,0.175,-1.154,0.674,-15.070,-81.391,8.927;381759,0.218,-1.035,0.574,-4.661,-75.151,11.360;381782,0.243,-0.858,0.412,4.223,-68.603,11.352;381802,0.236,-0.692,0.280,15.702,-60.949,6.708
2026-05-28T09:30:58.087Z 381822,0.193,-0.502,0.192,27.766,-52.585,2.228;381842,0.138,-0.345,0.143,32.473,-45.732,-1.000;381862,0.056,-0.245,0.136,24.892,-44.841,-1.702;381882,0.008,-0.242,0.138,5.823,-46.822,-2.435;381904,-0.024,-0.380,0.108,-26.856,-53.000,-1.836
2026-05-28T09:30:58.209Z 381925,-0.010,-0.852,0.332,-46.503,-67.948,-0.030;381945,-0.062,-1.306,0.459,-18.910,-67.799,14.529;381966,0.044,-1.360,0.477,-6.058,-62.197,14.034;381986,0.164,-1.381,0.547,-8.390,-62.270,8.635;382006,0.234,-1.411,0.613,-22.274,-62.177,4.400
2026-05-28T09:30:58.294Z 382026,0.172,-1.383,0.768,-24.362,-54.535,1.442;382046,0.099,-1.351,0.773,-13.182,-38.930,-2.974;382066,0.043,-1.291,0.728,-3.899,-30.023,-3.646;382089,-0.012,-1.164,0.585,4.733,-26.444,-1.477;382109,-0.040,-0.972,0.442,14.680,-24.355,2.596
2026-05-28T09:30:58.424Z 382129,-0.022,-0.757,0.319,25.259,-22.139,7.685;382152,-0.006,-0.555,0.241,38.151,-20.136,14.763;382172,-0.028,-0.407,0.192,50.116,-20.467,20.014;382192,-0.064,-0.325,0.131,56.698,-24.355,20.255;382212,0.078,-0.417,0.018,36.557,-30.553,13.369
2026-05-28T09:30:58.509Z 382232,0.235,-0.602,-0.057,-25.415,-44.216,-0.939;382252,0.184,-1.021,0.263,-44.509,-66.414,1.420;382272,-0.086,-1.136,0.717,-43.014,-65.378,14.560;382292,-0.066,-1.283,0.629,-11.074,-49.785,10.873;382312,0.009,-1.343,0.667,-4.387,-51.161,11.77
2026-05-28T09:30:58.600Z 382332,0.029,-1.316,0.678,-8.132,-58.172,15.272;382352,0.087,-1.274,0.690,-13.074,-65.953,19.813;382372,0.105,-1.207,0.679,-5.382,-68.878,22.433;382392,0.121,-1.117,0.575,6.247,-71.116,24.898;382412,0.143,-0.963,0.452,15.115,-69.513,25.001
2026-05-28T09:30:58.720Z 382432,0.160,-0.764,0.313,22.745,-65.137,22.320;382452,0.161,-0.563,0.223,34.476,-55.184,18.109;382472,0.111,-0.374,0.147,48.000,-44.993,13.516;382492,0.052,-0.250,0.139,51.319,-40.926,12.035;382512,0.004,-0.176,0.098,26.537,-41.819,10.075
2026-05-28T09:30:58.806Z 382532,-0.010,-0.349,0.062,-15.172,-45.406,7.730;382552,0.081,-0.677,-0.035,-75.271,-64.266,10.445;382572,0.099,-1.034,0.051,-43.958,-58.499,14.480;382592,0.178,-1.094,0.276,-38.573,-36.504,9.731;382612,0.246,-1.167,0.273,-21.324,-26.323,5.899
2026-05-28T09:30:58.899Z 382632,0.267,-1.234,0.363,-26.246,-16.423,2.706;382654,0.247,-1.247,0.438,-30.339,-6.471,-1.782;382674,0.173,-1.209,0.526,-28.095,5.202,-8.799;382694,0.103,-1.139,0.500,-21.555,14.676,-13.515;382714,0.032,-1.024,0.419,-14.980,20.202,-15.832
2026-05-28T09:30:59.048Z 382734,-0.036,-0.881,0.326,-6.645,19.845,-13.561;382754,-0.078,-0.705,0.227,4.935,19.285,-8.883;382774,-0.068,-0.525,0.149,17.278,18.187,-2.133;382797,-0.074,-0.371,0.060,31.001,18.361,4.195;382817,-0.084,-0.299,0.060,40.999,18.884,7.086
2026-05-28T09:30:59.104Z 382837,-0.064,-0.333,-0.024,27.086,11.758,3.147;382859,0.214,-0.778,-0.013,-30.618,-10.038,0.243;382879,0.202,-0.916,0.114,-66.281,-25.698,-18.157;382899,-0.041,-1.354,0.395,-57.831,-35.283,-0.905;382919,-0.068,-1.436,0.554,-16.207,-18.858,-7.6
2026-05-28T09:30:59.229Z 382939,-0.023,-1.471,0.622,-4.593,-25.697,-3.538;382959,0.038,-1.428,0.583,4.235,-30.650,1.762;382979,0.073,-1.367,0.552,1.503,-35.098,5.140;382999,0.101,-1.296,0.570,-2.036,-36.013,7.813;383019,0.132,-1.201,0.528,2.709,-34.932,10.106
2026-05-28T09:30:59.313Z 383040,0.152,-1.103,0.402,11.248,-33.565,11.752;383060,0.156,-0.928,0.275,14.971,-32.138,10.019;383080,0.132,-0.738,0.145,22.064,-27.070,4.320;383104,0.088,-0.508,0.072,38.017,-19.073,-1.032;383124,0.043,-0.340,0.049,44.180,-12.870,-3.074
2026-05-28T09:30:59.459Z 383147,-0.005,-0.267,0.053,29.386,-12.331,-0.684;383167,-0.032,-0.280,0.045,8.078,-14.665,0.089;383187,-0.063,-0.542,-0.051,-30.341,-24.624,1.666;383207,0.000,-1.057,0.233,-33.892,-32.695,0.229;383229,0.134,-1.212,0.333,-30.557,-26.747,4.756
2026-05-28T09:30:59.524Z 383249,0.219,-1.305,0.354,-13.596,-14.733,2.205;383269,0.230,-1.396,0.433,-11.694,-4.009,-1.317;383289,0.185,-1.408,0.525,-9.601,3.541,-6.930;383309,0.122,-1.374,0.566,-9.387,8.412,-12.886;383329,0.071,-1.312,0.560,-8.098,12.671,-17.171
2026-05-28T09:30:59.619Z 383353,0.038,-1.198,0.519,-4.631,14.368,-17.630;383373,-0.005,-1.055,0.419,8.066,15.701,-14.603;383393,-0.040,-0.861,0.283,24.251,17.521,-9.858;383413,-0.043,-0.646,0.182,38.613,18.793,-3.902;383433,-0.029,-0.462,0.122,49.538,18.766,1.421
2026-05-28T09:30:59.740Z 383455,-0.020,-0.363,0.120,57.873,19.723,4.648;383475,-0.013,-0.282,0.091,53.632,21.480,5.062;383495,0.009,-0.378,0.020,21.582,16.820,-1.625;383515,0.193,-0.838,-0.090,-25.811,3.265,-8.500;383535,0.139,-1.173,0.220,-66.187,-10.317,-23.255
2026-05-28T09:30:59.843Z 383556,-0.079,-1.251,0.677,-73.242,-13.713,-9.896;383576,-0.072,-1.403,0.673,-43.780,-0.651,-10.564;383596,-0.036,-1.443,0.708,-29.687,-4.271,-6.548;383616,0.003,-1.404,0.698,-25.005,-8.455,-2.008;383636,0.036,-1.338,0.693,-22.170,-12.424,1.232
2026-05-28T09:30:59.917Z 383656,0.049,-1.254,0.621,-13.535,-13.407,3.067;383676,0.047,-1.159,0.507,-2.789,-13.841,4.827;383696,0.050,-1.026,0.365,10.291,-15.024,6.029;383716,0.052,-0.834,0.229,15.861,-16.020,4.131;383738,0.040,-0.636,0.113,26.345,-13.306,-0.423
2026-05-28T09:31:00.066Z 383758,0.021,-0.447,0.079,37.262,-6.732,-3.111;383778,-0.004,-0.312,0.078,34.895,-2.573,-1.941;383802,-0.048,-0.307,0.015,18.134,-1.702,-1.077;383822,-0.135,-0.558,-0.065,-14.899,-15.280,4.114;383842,0.008,-1.074,0.293,-32.604,-33.633,-2.287
2026-05-28T09:31:00.129Z 383862,0.125,-1.128,0.576,-33.591,-29.916,0.687;383882,0.185,-1.212,0.695,-18.280,-10.066,-1.727;383902,0.214,-1.312,0.740,-15.703,3.776,-3.491;383922,0.162,-1.301,0.742,-15.948,13.198,-7.417;383942,0.086,-1.261,0.747,-18.307,18.964,-12.325
2026-05-28T09:31:00.313Z 383962,0.025,-1.219,0.725,-16.037,24.652,-17.830;383983,-0.021,-1.141,0.636,-4.174,27.756,-18.899;384003,-0.075,-0.984,0.499,10.102,29.764,-15.202;384023,-0.120,-0.776,0.367,27.181,29.108,-10.650;384043,-0.117,-0.595,0.255,44.875,28.596,-6.171
2026-05-28T09:31:00.362Z 384063,-0.099,-0.414,0.189,53.122,28.335,-2.457;384083,-0.074,-0.305,0.169,57.047,29.111,1.038;384103,-0.027,-0.287,0.077,42.694,28.947,-0.593;384123,0.191,-0.754,0.186,-25.508,10.524,-8.168;384143,0.230,-0.980,0.316,-67.183,-3.973,-23.426
2026-05-28T09:31:00.449Z 384163,-0.093,-1.327,0.389,-46.275,-17.009,-16.470;384183,-0.180,-1.415,0.539,-20.154,-1.073,-14.771;384203,-0.087,-1.443,0.588,3.048,-0.674,-10.432;384223,-0.027,-1.447,0.640,12.240,-8.419,-4.848;384243,0.023,-1.374,0.590,11.521,-17.538,-1.384
2026-05-28T09:31:00.543Z 384263,0.050,-1.282,0.545,12.036,-23.916,0.877;384283,0.068,-1.171,0.413,18.864,-25.410,2.758;384303,0.110,-1.010,0.276,28.952,-22.825,2.442;384323,0.128,-0.785,0.118,33.820,-16.746,-2.961;384343,0.107,-0.566,0.072,47.451,-6.901,-6.691
2026-05-28T09:31:00.639Z 384363,0.066,-0.397,0.077,51.109,0.817,-7.929;384386,0.014,-0.265,0.078,36.210,2.306,-7.007;384406,-0.023,-0.286,0.039,10.774,2.775,-8.507;384426,-0.054,-0.495,-0.041,-28.946,-8.628,-4.643;384446,0.073,-1.021,0.280,-17.829,-21.909,0.016
2026-05-28T09:31:00.730Z 384466,0.101,-1.107,0.475,-21.591,-21.964,7.253;384486,0.178,-1.169,0.492,-7.513,-6.227,3.533;384506,0.181,-1.226,0.524,-10.029,6.352,-0.769;384527,0.145,-1.231,0.547,-16.920,15.836,-5.023;384547,0.050,-1.188,0.564,-15.151,23.477,-11.414
2026-05-28T09:31:00.848Z 384567,-0.046,-1.137,0.494,-8.576,27.362,-14.748;384587,-0.147,-1.044,0.367,-1.238,28.046,-13.874;384607,-0.163,-0.856,0.234,5.732,24.333,-7.057;384627,-0.143,-0.636,0.151,24.318,20.802,1.389;384647,-0.099,-0.462,0.067,41.096,20.538,7.460
2026-05-28T09:31:00.966Z 384667,-0.073,-0.353,0.077,49.351,21.266,12.413;384689,-0.040,-0.296,0.051,49.941,18.891,12.716;384709,0.057,-0.335,-0.053,35.043,16.946,5.502;384729,0.334,-0.865,0.030,-32.387,-2.552,-6.518;384749,0.250,-1.189,0.275,-42.159,-16.854,-18.601
2026-05-28T09:31:01.055Z 384769,-0.200,-1.447,0.833,-69.444,-23.637,-4.090;384789,-0.177,-1.592,0.803,-40.845,-16.081,-11.002;384809,-0.142,-1.624,0.840,-21.764,-21.341,-7.952;384829,-0.069,-1.561,0.785,-3.869,-25.794,-1.771;384849,0.009,-1.459,0.720,-1.778,-30.668,2.9
2026-05-28T09:31:01.142Z 384873,0.053,-1.342,0.614,1.281,-30.069,5.180;384893,0.076,-1.204,0.472,5.593,-26.776,6.779;384913,0.110,-1.013,0.332,9.414,-23.309,4.225;384933,0.127,-0.812,0.201,11.664,-20.939,0.200;384953,0.068,-0.594,0.109,22.631,-13.632,-2.346
2026-05-28T09:31:01.272Z 384973,0.016,-0.420,0.106,21.846,-8.227,-2.378;384995,-0.038,-0.324,0.090,13.204,-5.675,1.209;385015,-0.075,-0.312,0.068,-1.246,-3.908,2.148;385035,-0.077,-0.651,0.003,-35.629,-11.369,3.803;385055,0.011,-1.153,0.370,-47.634,-25.008,4.918
2026-05-28T09:31:01.351Z 385079,0.093,-1.214,0.659,-51.860,-24.846,11.234;385099,0.148,-1.311,0.554,-27.180,-10.343,6.655;385119,0.149,-1.349,0.605,-24.751,0.071,0.408;385139,0.106,-1.297,0.657,-21.826,9.664,-5.695;385163,0.053,-1.249,0.618,-18.158,18.139,-10.923
2026-05-28T09:31:01.448Z 385183,0.019,-1.187,0.589,-14.821,25.836,-14.304;385203,-0.037,-1.065,0.493,-4.322,29.798,-15.641;385223,-0.101,-0.898,0.334,11.543,28.075,-12.634;385243,-0.123,-0.713,0.197,25.000,26.491,-7.266;385267,-0.083,-0.512,0.107,39.808,27.727,-1.256
2026-05-28T09:31:01.600Z 385287,-0.050,-0.398,0.089,45.052,28.008,3.961;385307,-0.043,-0.332,0.097,46.515,28.174,6.796;385327,-0.025,-0.268,0.070,36.535,25.458,4.884;385347,0.218,-0.828,-0.095,-15.591,3.164,1.303;385367,0.107,-1.280,0.090,-3.997,-18.184,-13.814
2026-05-28T09:31:01.658Z 385387,-0.195,-1.328,0.475,-21.433,-30.718,5.217;385411,-0.217,-1.369,0.661,-8.257,-15.747,4.617;385431,-0.191,-1.412,0.733,-4.766,-19.519,7.979;385451,-0.125,-1.382,0.710,2.046,-22.432,11.752;385471,-0.031,-1.335,0.640,2.966,-27.518,14.887
2026-05-28T09:31:01.778Z 385493,0.039,-1.231,0.562,6.330,-24.937,15.165;385513,0.081,-1.113,0.476,11.954,-19.485,13.746;385533,0.089,-0.927,0.306,24.324,-13.898,10.656;385553,0.068,-0.689,0.162,35.672,-7.153,6.677;385573,0.041,-0.479,0.117,50.197,3.377,2.975
2026-05-28T09:31:01.867Z 385593,0.020,-0.318,0.117,54.267,9.847,7.132;385613,-0.015,-0.250,0.097,44.269,12.792,10.142;385637,-0.064,-0.290,0.021,22.147,15.057,7.173;385657,0.132,-0.755,0.034,-48.311,-11.014,10.179;385677,0.277,-1.241,0.272,-42.355,-19.982,10.409
2026-05-28T09:31:01.989Z 385699,0.279,-1.179,0.713,-39.444,-13.762,6.406;385719,0.264,-1.316,0.663,-28.977,0.634,-0.770;385739,0.241,-1.357,0.754,-24.512,13.558,-7.534;385759,0.161,-1.305,0.731,-18.610,23.563,-13.524;385779,0.085,-1.253,0.678,-11.461,31.116,-18.777
2026-05-28T09:31:02.074Z 385799,0.004,-1.112,0.606,-3.415,37.206,-20.109;385819,-0.083,-0.960,0.428,16.030,39.407,-16.816;385843,-0.107,-0.741,0.307,32.787,36.590,-9.895;385863,-0.101,-0.539,0.236,43.131,36.256,-4.333;385883,-0.076,-0.373,0.250,52.802,36.146,1.578
2026-05-28T09:31:02.163Z 385903,-0.020,-0.268,0.211,56.949,30.550,6.604;385925,0.053,-0.295,0.096,15.218,15.778,1.943;385945,0.199,-0.723,0.338,-52.323,-18.303,-7.652;385965,0.043,-1.201,0.566,-58.171,-39.398,-30.094;385987,-0.135,-1.180,1.081,-80.033,-43.440,-13.051
2026-05-28T09:31:02.292Z 386007,-0.113,-1.271,0.972,-52.647,-27.979,-11.125;386027,-0.059,-1.306,0.993,-34.277,-32.397,-2.453;386047,0.003,-1.252,0.878,-18.112,-35.484,4.060;386067,0.057,-1.187,0.752,-13.637,-38.337,8.056;386087,0.118,-1.103,0.618,-5.888,-37.338,8.821
2026-05-28T09:31:02.375Z 386107,0.160,-0.931,0.463,6.247,-32.012,7.234;386129,0.164,-0.732,0.313,13.705,-27.632,3.539;386149,0.119,-0.500,0.197,30.152,-18.653,-2.779;386169,0.073,-0.322,0.158,38.145,-7.496,-2.785;386189,0.023,-0.215,0.145,30.033,0.376,0.197
2026-05-28T09:31:02.501Z 386209,-0.017,-0.209,0.083,12.775,7.991,-0.450;386229,-0.050,-0.602,-0.049,-32.922,6.088,0.949;386249,0.010,-1.112,0.350,-48.207,-9.684,2.498;386269,0.078,-1.266,0.471,-42.084,-11.006,7.361;386289,0.125,-1.337,0.421,-23.412,2.410,-0.059
2026-05-28T09:31:02.590Z 386309,0.162,-1.358,0.517,-28.469,8.915,-6.195;386329,0.132,-1.321,0.582,-31.368,16.092,-10.390;386352,0.066,-1.251,0.673,-30.444,24.307,-14.464;386372,-0.019,-1.215,0.608,-21.034,30.879,-16.656;386392,-0.111,-1.119,0.472,-5.180,37.535,-16.396
2026-05-28T09:31:02.676Z 386412,-0.144,-0.881,0.291,12.809,36.739,-11.779;386432,-0.124,-0.647,0.186,30.370,37.783,-4.721;386452,-0.092,-0.461,0.121,43.218,40.548,2.734;386472,-0.063,-0.312,0.125,60.237,40.645,10.389;386492,-0.044,-0.231,0.105,56.182,30.072,14.993
2026-05-28T09:31:02.800Z 386515,0.028,-0.382,-0.037,27.741,19.720,10.243;386535,0.195,-0.924,0.097,-59.943,-16.151,1.607;386556,-0.003,-1.341,0.357,-59.402,-46.797,4.915;386576,-0.215,-1.338,0.904,-64.472,-56.367,17.651;386596,-0.205,-1.376,0.915,-46.424,-44.955,12.586
2026-05-28T09:31:02.889Z 386616,-0.121,-1.390,0.964,-33.839,-47.669,17.589;386636,-0.038,-1.321,0.881,-18.784,-47.779,21.758;386656,0.027,-1.237,0.755,-10.986,-50.463,22.177;386676,0.076,-1.149,0.619,-2.179,-46.061,18.000;386700,0.117,-1.024,0.462,5.866,-42.073,16.047
2026-05-28T09:31:03.008Z 386720,0.125,-0.828,0.300,11.486,-37.446,13.859;386740,0.102,-0.595,0.207,27.644,-22.811,8.596;386760,0.074,-0.384,0.177,43.565,-9.374,5.064;386780,0.015,-0.287,0.151,38.752,-2.035,6.540;386800,-0.041,-0.252,0.126,25.780,5.796,3.236
2026-05-28T09:31:03.098Z 386820,-0.045,-0.383,0.068,-6.862,-0.713,1.399;386840,0.014,-0.925,0.351,-28.373,-23.229,-2.747;386860,0.050,-1.215,0.330,-15.337,-21.777,5.256;386880,0.167,-1.327,0.205,5.539,-3.761,-4.781;386900,0.185,-1.340,0.375,-1.087,3.248,-10.732
2026-05-28T09:31:03.191Z 386924,0.176,-1.332,0.458,-4.961,13.088,-15.074;386944,0.106,-1.257,0.549,-2.432,24.400,-19.229;386964,0.012,-1.181,0.433,10.265,34.061,-22.102;386984,-0.085,-1.045,0.351,26.624,38.006,-20.635;387004,-0.174,-0.849,0.232,39.467,35.693,-15.107
2026-05-28T09:31:03.366Z 387025,-0.194,-0.644,0.144,56.151,31.080,-8.626;387045,-0.170,-0.459,0.099,58.394,25.009,-0.187;387065,-0.132,-0.338,0.114,58.800,23.326,6.924;387085,-0.085,-0.248,0.023,45.182,16.101,8.717;387105,0.107,-0.585,-0.175,6.828,2.965,1.599
2026-05-28T09:31:03.401Z 387128,0.049,-0.828,-0.028,-29.581,-12.265,-30.606;387148,-0.298,-1.189,-0.061,-16.620,-29.615,-17.756;387168,-0.381,-1.199,0.548,-38.132,-13.115,-14.948;387188,-0.299,-1.260,0.562,-26.260,-10.278,-14.161;387209,-0.207,-1.279,0.633,-19.813,-17.
2026-05-28T09:31:03.517Z 387229,-0.118,-1.230,0.568,-14.305,-24.841,-5.137;387249,-0.036,-1.163,0.526,-5.878,-24.740,-3.096;387269,0.020,-1.092,0.418,2.529,-21.689,-0.596;387289,0.055,-0.965,0.313,10.225,-17.648,1.003;387309,0.063,-0.777,0.171,16.665,-14.415,0.233
2026-05-28T09:31:03.609Z 387329,0.055,-0.591,0.050,24.950,-5.340,-2.276;387349,0.037,-0.401,0.021,38.209,7.170,-3.667;387369,0.001,-0.287,0.018,40.589,14.252,0.944;387389,-0.057,-0.218,0.001,32.999,17.305,4.630;387409,-0.130,-0.273,-0.024,11.277,18.372,5.031
2026-05-28T09:31:03.706Z 387429,-0.163,-0.535,0.028,-49.292,-3.070,11.469;387452,-0.000,-1.055,0.365,-59.778,-26.285,12.240;387472,0.011,-1.220,0.639,-48.184,-25.830,10.046;387492,0.032,-1.342,0.596,-27.617,-14.952,3.944;387512,0.039,-1.359,0.669,-23.182,-5.220,-1.940
2026-05-28T09:31:03.817Z 387533,0.030,-1.324,0.743,-22.616,2.924,-7.527;387553,0.005,-1.288,0.735,-15.946,13.838,-13.665;387573,-0.037,-1.196,0.666,-8.381,23.865,-14.664;387593,-0.121,-1.064,0.568,4.109,30.045,-10.266;387613,-0.194,-0.870,0.369,25.951,31.480,-5.334
2026-05-28T09:31:03.908Z 387637,-0.179,-0.634,0.222,44.159,31.043,-0.132;387657,-0.132,-0.447,0.133,55.095,30.634,6.318;387677,-0.070,-0.341,0.117,57.918,31.038,11.690;387697,0.040,-0.414,-0.021,42.867,29.568,6.745;387719,0.245,-0.757,-0.008,-16.004,17.369,-8.421
2026-05-28T09:31:04.037Z 387739,0.236,-1.095,0.286,-51.882,5.993,-22.940;387759,-0.144,-1.373,0.318,-37.727,-2.550,-4.980;387783,-0.281,-1.368,0.662,-17.704,7.216,-7.358;387803,-0.241,-1.397,0.695,0.287,2.582,-5.960;387823,-0.162,-1.359,0.676,11.120,-7.629,0.569
2026-05-28T09:31:04.146Z 387843,-0.097,-1.271,0.637,6.806,-17.251,5.908;387863,-0.046,-1.186,0.588,5.731,-23.984,9.342;387883,-0.018,-1.093,0.499,11.582,-27.839,11.779;387906,0.012,-0.958,0.389,19.384,-31.509,13.056;387926,0.044,-0.783,0.255,23.581,-32.862,11.066
2026-05-28T09:31:04.237Z 387946,0.040,-0.575,0.140,35.068,-29.837,5.795;387967,0.032,-0.403,0.088,46.608,-21.919,1.953;387987,-0.002,-0.301,0.091,37.383,-17.624,3.393;388007,-0.028,-0.271,0.053,21.778,-12.719,3.085;388027,-0.037,-0.586,-0.116,-11.308,-15.892,4.488
2026-05-28T09:31:04.324Z 388050,-0.024,-1.098,0.201,-25.725,-27.141,9.240;388070,0.120,-1.161,0.450,-39.591,-26.054,9.260;388090,0.179,-1.270,0.453,-20.533,-7.900,2.340;388114,0.189,-1.326,0.515,-18.350,6.990,-2.768;388134,0.154,-1.307,0.604,-18.765,21.405,-9.158
2026-05-28T09:31:04.423Z 388154,0.052,-1.279,0.620,-13.863,31.039,-15.082;388174,-0.049,-1.241,0.549,-5.494,32.242,-18.796;388194,-0.107,-1.092,0.473,3.854,28.340,-19.088;388214,-0.130,-0.926,0.332,16.102,22.121,-16.071;388234,-0.088,-0.711,0.220,31.952,18.445,-12.603
2026-05-28T09:31:04.543Z 388255,-0.051,-0.496,0.132,45.662,18.517,-8.125;388275,-0.022,-0.336,0.095,53.397,21.708,-1.508;388295,-0.003,-0.252,0.092,62.215,24.156,5.507;388315,-0.003,-0.211,0.034,53.496,22.931,7.082;388335,0.100,-0.558,-0.083,13.428,17.853,0.126
2026-05-28T09:31:04.634Z 388355,0.095,-0.647,0.075,-26.764,-11.504,-24.815;388375,-0.117,-1.059,0.202,-23.857,-32.483,-3.661;388395,-0.166,-1.139,0.524,-20.626,-27.373,-2.286;388415,-0.095,-1.210,0.528,-7.342,-18.231,-4.355;388435,-0.056,-1.247,0.602,-0.711,-16.714,4.9
2026-05-28T09:31:04.752Z 388455,0.007,-1.206,0.538,6.665,-18.309,12.938;388479,0.037,-1.141,0.480,10.874,-19.682,16.998;388499,0.070,-1.034,0.356,18.948,-18.598,16.318;388519,0.127,-0.867,0.223,27.202,-15.652,12.832;388539,0.163,-0.686,0.081,33.870,-11.483,6.085
2026-05-28T09:31:04.837Z 388559,0.113,-0.464,0.021,48.473,-4.761,0.563;388579,0.047,-0.323,0.046,47.858,0.833,1.884;388599,0.005,-0.230,0.054,35.049,5.258,3.202;388619,-0.042,-0.370,-0.042,8.020,6.657,2.649;388639,-0.025,-0.794,-0.092,-52.445,-16.030,7.537
2026-05-28T09:31:04.960Z 388659,0.014,-0.972,0.068,-48.359,-21.142,14.376;388682,0.138,-1.002,0.154,-26.677,-3.478,9.407;388702,0.167,-1.110,0.262,-25.403,6.913,4.665;388722,0.168,-1.158,0.362,-23.680,16.542,-3.094;388742,0.091,-1.161,0.457,-18.178,26.036,-9.853
2026-05-28T09:31:05.048Z 388766,0.010,-1.140,0.461,-12.503,33.584,-12.789;388786,-0.053,-1.075,0.378,-3.679,35.898,-16.543;388806,-0.090,-0.948,0.296,5.927,34.285,-18.076;388826,-0.105,-0.755,0.188,16.546,31.175,-14.580;388846,-0.079,-0.535,0.095,29.345,29.465,-9.623
2026-05-28T09:31:05.140Z 388869,-0.069,-0.353,0.057,42.750,26.776,-3.195;388889,-0.064,-0.290,0.068,43.726,23.409,2.088;388910,-0.034,-0.302,-0.019,30.429,18.479,1.081;388930,0.109,-0.573,-0.135,-6.106,10.516,-6.140;388950,0.250,-0.728,0.001,-59.243,-6.250,-16.658
2026-05-28T09:31:05.310Z 388970,-0.096,-1.059,0.098,-54.934,-19.393,-4.950;388990,-0.192,-1.171,0.513,-53.652,-14.928,-1.130;389010,-0.154,-1.259,0.508,-25.646,-7.736,-3.777;389030,-0.140,-1.260,0.517,-12.763,-16.738,-0.677;389050,-0.091,-1.235,0.498,-12.240,-23.648,3.
2026-05-28T09:31:05.343Z 389070,-0.022,-1.160,0.451,-9.699,-24.980,6.651;389090,0.015,-1.089,0.389,-6.019,-23.779,9.650;389110,0.051,-1.004,0.272,0.304,-24.011,11.806;389130,0.087,-0.837,0.159,3.664,-24.438,11.143;389154,0.073,-0.630,0.052,8.314,-19.481,7.722
2026-05-28T09:31:05.440Z 389174,0.064,-0.430,0.015,22.192,-10.626,3.746;389194,0.043,-0.319,0.015,24.887,-2.999,3.868;389214,-0.008,-0.307,-0.044,17.501,4.784,3.294;389234,-0.098,-0.505,-0.098,-24.437,0.395,5.722;389254,-0.020,-1.029,0.219,-53.373,-18.268,3.421
2026-05-28T09:31:05.587Z 389274,0.071,-1.106,0.401,-50.961,-18.402,9.847;389294,0.101,-1.165,0.599,-34.729,-3.932,9.140;389314,0.116,-1.253,0.619,-25.107,9.566,5.941;389334,0.085,-1.268,0.648,-21.780,17.287,0.808;389354,0.012,-1.228,0.649,-22.304,20.489,-4.734
2026-05-28T09:31:05.645Z 389374,-0.037,-1.182,0.654,-22.922,24.062,-10.333;389394,-0.073,-1.114,0.625,-20.491,26.953,-14.473;389414,-0.104,-0.989,0.495,-5.342,30.097,-14.441;389434,-0.140,-0.812,0.363,14.017,32.678,-11.034;389454,-0.148,-0.587,0.249,32.505,31.621,-5.18
2026-05-28T09:31:05.738Z 389474,-0.135,-0.367,0.172,50.755,29.469,-0.017;389494,-0.097,-0.255,0.210,56.985,29.379,8.935;389514,-0.044,-0.182,0.149,49.865,21.795,15.171;389534,0.076,-0.376,0.019,19.928,14.452,10.801;389554,0.169,-0.506,0.018,-12.047,-14.971,-27.001
2026-05-28T09:31:05.860Z 389575,-0.031,-0.908,0.124,2.770,-35.092,-26.433;389595,-0.196,-0.957,0.706,-25.762,-38.974,-6.850;389615,-0.209,-1.080,0.582,-4.200,-23.854,-7.852;389635,-0.162,-1.134,0.686,-0.814,-32.159,-2.795;389655,-0.104,-1.072,0.607,3.620,-39.530,2.162
2026-05-28T09:31:05.946Z 389675,-0.052,-1.012,0.537,5.714,-43.571,5.899;389699,0.032,-0.929,0.412,11.805,-39.892,7.217;389719,0.101,-0.807,0.308,14.704,-33.697,6.607;389739,0.119,-0.658,0.171,20.967,-27.306,2.849;389759,0.083,-0.492,0.071,32.205,-17.085,-4.022
2026-05-28T09:31:06.066Z 389779,0.044,-0.328,0.034,37.115,-7.464,-8.182;389799,0.027,-0.227,0.052,25.753,-2.453,-6.867;389822,0.010,-0.212,0.050,6.610,0.936,-5.240;389842,-0.020,-0.313,-0.006,-18.598,-0.266,-3.016;389862,-0.126,-0.866,0.050,-15.442,-2.094,1.151
2026-05-28T09:31:06.187Z 389882,-0.070,-1.026,0.312,-31.033,-9.022,7.669;389902,0.100,-1.087,0.373,-24.044,-3.640,4.032;389926,0.150,-1.199,0.505,-24.044,4.386,1.654;389946,0.138,-1.247,0.619,-21.426,14.540,-2.368;389966,0.059,-1.195,0.615,-15.869,24.325,-6.358
2026-05-28T09:31:06.303Z 389986,-0.027,-1.158,0.599,-12.802,30.637,-8.666;390006,-0.115,-1.072,0.572,-9.041,31.187,-9.262;390026,-0.139,-0.928,0.461,-1.496,26.271,-6.833;390046,-0.131,-0.782,0.325,4.716,20.875,-2.043;390066,-0.058,-0.580,0.211,19.975,18.705,3.164
2026-05-28T09:31:06.366Z 390086,0.000,-0.407,0.128,36.233,18.847,7.546;390106,0.024,-0.307,0.110,41.161,21.211,11.272;390126,0.034,-0.239,0.081,41.011,20.565,12.458;390149,0.028,-0.288,0.029,19.708,17.407,7.918;390169,0.134,-0.581,-0.033,-23.761,3.801,3.484
2026-05-28T09:31:06.467Z 390189,0.072,-0.917,0.219,-47.470,-16.609,-14.666;390209,-0.197,-1.021,0.700,-55.694,-22.421,-2.447;390229,-0.310,-1.092,1.052,-39.924,-13.867,-1.403;390249,-0.259,-1.195,1.064,-30.932,-16.548,0.690;390269,-0.218,-1.232,1.025,-24.846,-24.823,4.
2026-05-28T09:31:06.575Z 390289,-0.168,-1.238,1.013,-22.080,-31.857,9.155;390309,-0.067,-1.195,0.952,-13.211,-28.443,10.401;390329,0.006,-1.121,0.857,-6.514,-25.485,12.152;390349,0.040,-1.029,0.723,0.432,-22.899,12.489;390369,0.051,-0.881,0.557,3.654,-20.004,9.753
2026-05-28T09:31:06.668Z 390389,0.046,-0.730,0.406,5.944,-17.370,6.333;390409,0.029,-0.556,0.280,19.536,-10.360,-0.394;390429,0.005,-0.392,0.199,25.779,-2.242,-5.654;390451,-0.023,-0.272,0.159,20.530,2.269,-6.736;390475,-0.042,-0.231,0.128,0.559,3.183,-4.835
