2026-05-28T09:32:49.618Z 493338,-0.183,-1.918,0.364,-10.029,-8.359,-1.508;493358,-0.182,-2.032,0.454,-5.595,-9.238,3.201;493378,-0.190,-2.060,0.439,2.441,-7.157,9.248;493401,-0.177,-2.030,0.400,3.347,-5.516,15.685;493421,-0.127,-1.927,0.329,2.168,-4.084,20.785
2026-05-28T09:32:49.713Z 493441,-0.073,-1.785,0.268,-0.776,-2.263,23.696;493461,-0.026,-1.572,0.207,1.226,1.015,22.192;493481,-0.000,-1.351,0.149,8.422,5.221,14.915;493503,0.001,-1.089,0.089,22.658,6.168,6.036;493527,-0.005,-0.846,0.038,26.675,6.818,-1.189
2026-05-28T09:32:49.805Z 493547,-0.020,-0.669,0.010,20.715,7.342,-5.850;493567,-0.036,-0.572,0.014,9.093,6.140,-7.445;493590,-0.049,-0.521,0.040,0.295,4.249,-7.396;493610,-0.057,-0.489,0.056,-2.230,2.559,-7.378;493630,-0.045,-0.443,0.060,-0.706,1.726,-8.750
2026-05-28T09:32:50.021Z 493650,-0.021,-0.391,0.032,-0.838,-0.648,-10.979;493670,0.011,-0.329,0.004,0.515,-1.539,-12.390;493690,0.035,-0.252,-0.032,5.235,0.642,-13.178;493710,0.042,-0.164,-0.052,9.723,6.853,-12.539;493730,0.018,-0.096,-0.086,9.967,13.736,-11.009
2026-05-28T09:32:50.046Z 493753,0.006,-0.073,-0.144,6.632,17.535,-7.638;493773,-0.061,-0.204,-0.191,1.115,14.492,2.478;493793,-0.189,-0.623,-0.183,-9.380,3.172,19.296;493813,-0.269,-1.130,-0.099,-28.984,-18.470,24.418;493833,-0.199,-1.410,0.052,-17.981,-22.310,16.544
2026-05-28T09:32:50.204Z 493853,-0.043,-1.557,0.136,-13.791,-21.857,9.048;493873,0.055,-1.740,0.344,-22.407,-20.565,1.905;493893,0.055,-1.904,0.463,-17.810,-13.781,-1.457;493913,0.012,-2.002,0.625,-2.486,-5.681,-3.885;493933,-0.042,-1.973,0.548,10.531,5.700,-8.552
2026-05-28T09:32:50.229Z 493957,-0.102,-1.858,0.460,8.530,11.959,-14.550;493977,-0.144,-1.700,0.413,1.180,13.964,-18.694;493997,-0.136,-1.499,0.351,-3.263,14.662,-19.031;494017,-0.114,-1.282,0.279,-1.986,17.416,-17.443;494037,-0.111,-1.062,0.221,4.986,19.015,-12.236
2026-05-28T09:32:50.349Z 494057,-0.124,-0.875,0.149,11.745,18.552,-6.031;494081,-0.103,-0.711,0.104,15.413,16.227,0.582;494101,-0.067,-0.584,0.069,13.421,12.768,5.451;494121,-0.040,-0.485,0.030,7.801,9.415,7.769;494145,-0.022,-0.411,0.009,0.854,6.730,9.425
2026-05-28T09:32:50.466Z 494165,-0.013,-0.357,-0.018,-2.662,6.481,8.695;494185,-0.011,-0.297,-0.057,-2.510,8.319,5.593;494209,-0.003,-0.274,-0.145,-0.476,9.497,1.153;494229,0.020,-0.306,-0.240,5.684,11.176,-5.519;494249,0.086,-0.473,-0.280,3.742,10.708,-11.957
2026-05-28T09:32:50.556Z 494273,0.088,-0.801,-0.207,-10.086,6.777,-17.284;494293,-0.194,-1.182,-0.045,-29.914,-3.551,-16.565;494313,-0.178,-1.473,0.257,-29.006,-0.070,-13.556;494333,-0.181,-1.660,0.239,-8.158,-2.513,-9.798;494353,-0.275,-1.832,0.423,-18.488,-9.039,-3.0
2026-05-28T09:32:50.649Z 494375,-0.312,-1.930,0.496,-11.311,-11.062,5.915;494395,-0.299,-1.909,0.451,-6.392,-11.279,14.562;494415,-0.229,-1.816,0.411,-11.842,-10.741,21.336;494435,-0.118,-1.680,0.376,-16.190,-8.571,25.344;494455,-0.047,-1.527,0.325,-16.133,-6.901,24.24
2026-05-28T09:32:50.770Z 494475,-0.029,-1.349,0.265,-9.749,-4.538,21.537;494498,-0.041,-1.113,0.186,5.025,-1.367,14.334;494518,-0.042,-0.869,0.110,20.183,0.275,6.084;494538,-0.016,-0.671,0.063,24.370,1.516,-1.560;494558,-0.006,-0.535,0.030,17.309,0.409,-6.577
2026-05-28T09:32:50.890Z 494582,-0.017,-0.449,0.044,-0.265,-1.071,-9.731;494602,-0.042,-0.398,0.073,-12.677,-2.430,-10.715;494622,-0.046,-0.385,0.038,-11.380,-4.254,-10.560;494642,-0.019,-0.359,0.001,-7.475,-4.952,-10.363;494664,-0.005,-0.312,-0.049,-2.371,-5.226,-10.5
2026-05-28T09:32:50.978Z 494684,-0.011,-0.250,-0.083,-1.668,-3.508,-11.495;494704,-0.029,-0.200,-0.135,-2.095,1.413,-11.395;494724,-0.017,-0.196,-0.175,-5.535,0.157,-7.366;494744,-0.076,-0.413,-0.190,-5.748,-2.815,3.908;494764,-0.163,-0.951,-0.260,-22.647,-25.198,29.16
2026-05-28T09:32:51.068Z 494788,-0.178,-1.408,0.011,-22.482,-26.838,24.238;494808,-0.000,-1.556,0.137,-17.114,-20.634,15.438;494828,0.137,-1.718,0.263,-20.836,-13.803,10.357;494848,0.108,-1.834,0.414,-15.852,-2.367,7.162;494868,0.059,-1.896,0.479,-5.427,9.982,2.254
2026-05-28T09:32:51.164Z 494888,-0.014,-1.840,0.400,4.817,18.729,-4.353;494908,-0.092,-1.734,0.357,4.644,25.295,-11.190;494928,-0.131,-1.581,0.292,0.468,27.781,-16.708;494948,-0.115,-1.399,0.237,-6.633,28.732,-19.280;494968,-0.066,-1.165,0.177,-6.307,30.364,-18.665
2026-05-28T09:32:51.280Z 494988,-0.060,-0.959,0.121,1.167,31.302,-14.642;495008,-0.090,-0.781,0.079,11.630,31.157,-8.349;495028,-0.103,-0.638,0.031,19.481,28.077,-2.085;495048,-0.110,-0.516,0.000,20.559,22.776,3.928;495068,-0.112,-0.436,-0.006,13.832,14.122,9.876
2026-05-28T09:32:51.369Z 495091,-0.098,-0.379,-0.010,7.069,3.682,13.338;495111,-0.066,-0.327,-0.033,1.193,-4.130,14.218;495131,-0.039,-0.283,-0.060,-2.748,-8.903,12.862;495151,-0.034,-0.218,-0.085,-4.561,-9.417,9.146;495171,-0.035,-0.204,-0.166,-4.390,-11.777,5.988
2026-05-28T09:32:51.462Z 495191,-0.043,-0.232,-0.266,-4.033,-13.718,2.755;495211,0.023,-0.433,-0.347,-4.106,-18.508,-3.176;495231,0.154,-0.920,-0.371,-8.791,-23.148,-11.121;495251,-0.040,-1.278,-0.321,-32.109,-30.351,-14.745;495275,-0.114,-1.510,0.010,-18.247,-21.532,-
2026-05-28T09:32:51.581Z 495297,-0.179,-1.704,0.159,-20.491,-23.484,-0.918;495317,-0.238,-1.879,0.426,-31.937,-29.565,4.183;495337,-0.230,-1.859,0.608,-16.719,-29.122,9.030;495361,-0.161,-1.811,0.529,-9.075,-28.883,12.178;495381,-0.072,-1.698,0.468,-10.469,-25.887,14.4
2026-05-28T09:32:51.666Z 495401,0.010,-1.511,0.391,-9.100,-19.386,13.956;495421,0.039,-1.307,0.289,-3.139,-14.537,11.603;495441,0.055,-1.079,0.201,7.201,-9.024,7.050;495463,0.033,-0.823,0.130,22.673,-0.978,-1.698;495483,0.011,-0.595,0.078,30.726,4.122,-6.970
2026-05-28T09:32:51.795Z 495503,-0.013,-0.467,0.065,25.394,6.003,-9.456;495526,-0.031,-0.410,0.047,7.568,3.143,-10.019;495546,-0.031,-0.411,0.042,-18.168,-4.378,-9.111;495566,-0.015,-0.406,0.042,-18.061,-4.829,-10.239;495586,-0.001,-0.371,0.004,-6.123,-1.916,-11.382
2026-05-28T09:32:51.881Z 495608,0.014,-0.313,-0.052,7.109,1.786,-12.236;495628,0.020,-0.233,-0.090,12.863,5.299,-11.933;495648,0.010,-0.167,-0.129,13.333,8.899,-10.775;495670,0.002,-0.122,-0.158,12.376,13.021,-8.530;495690,-0.057,-0.214,-0.191,10.740,10.152,-0.767
2026-05-28T09:32:52.000Z 495710,-0.189,-0.538,-0.237,9.760,-1.982,11.040;495734,-0.386,-1.057,0.101,-5.684,-24.857,18.079;495754,-0.207,-1.341,0.288,2.804,-28.608,9.685;495774,0.028,-1.484,0.363,-2.899,-28.556,2.906;495794,0.108,-1.637,0.516,-8.287,-19.566,0.642
2026-05-28T09:32:52.093Z 495814,0.087,-1.732,0.677,-6.842,-4.959,-1.048;495834,0.023,-1.750,0.653,10.718,9.720,-3.036;495854,-0.058,-1.702,0.581,18.632,21.967,-5.715;495876,-0.115,-1.561,0.514,14.217,28.725,-10.038;495896,-0.123,-1.391,0.445,6.307,30.953,-12.496
2026-05-28T09:32:52.208Z 495916,-0.086,-1.190,0.371,-0.462,31.437,-11.689;495936,-0.059,-0.984,0.283,1.356,32.480,-7.994;495960,-0.076,-0.804,0.212,8.688,32.588,-3.986;495984,-0.075,-0.655,0.149,14.507,29.961,-0.151;496004,-0.063,-0.546,0.101,13.595,25.321,3.233
2026-05-28T09:32:52.298Z 496026,-0.052,-0.495,0.046,5.586,19.710,7.361;496046,-0.042,-0.460,-0.007,2.505,17.495,10.212;496066,-0.035,-0.424,-0.070,4.437,16.400,11.049;496090,-0.050,-0.359,-0.127,4.156,15.936,10.035;496110,-0.079,-0.324,-0.194,4.576,12.721,7.878
2026-05-28T09:32:52.417Z 496130,-0.073,-0.320,-0.230,9.419,5.082,3.608;496151,-0.030,-0.525,-0.302,6.011,-4.799,1.960;496171,0.105,-1.046,-0.239,-9.137,-16.100,0.545;496194,-0.152,-1.489,0.143,-29.922,-28.535,0.433;496214,-0.137,-1.717,0.180,1.062,-21.243,3.326
2026-05-28T09:32:52.506Z 496234,-0.129,-1.874,0.218,-5.506,-28.090,3.438;496254,-0.209,-2.004,0.411,-29.555,-37.857,5.531;496278,-0.214,-2.031,0.500,-16.617,-38.679,10.882;496298,-0.165,-1.965,0.445,-11.139,-41.080,12.463;496318,-0.092,-1.789,0.410,-16.051,-41.528,11.3
2026-05-28T09:32:52.597Z 496338,0.017,-1.592,0.303,-15.282,-43.282,10.597;496358,0.076,-1.366,0.201,-12.285,-40.891,6.739;496378,0.101,-1.147,0.099,-4.198,-37.944,2.276;496398,0.109,-0.914,0.023,4.799,-32.170,-3.037;496418,0.085,-0.701,-0.016,18.352,-23.984,-10.289
2026-05-28T09:32:52.715Z 496438,0.042,-0.564,0.002,19.683,-19.645,-13.230;496458,0.015,-0.499,0.019,3.162,-21.706,-12.186;496480,0.003,-0.487,0.031,-19.669,-27.688,-9.898;496500,0.009,-0.475,0.064,-35.396,-31.921,-8.402;496520,0.041,-0.444,0.089,-27.816,-27.600,-10.505
2026-05-28T09:32:52.806Z 496540,0.091,-0.365,0.071,-15.477,-20.365,-13.400;496564,0.099,-0.265,0.027,-2.947,-12.632,-15.313;496584,0.073,-0.174,-0.048,5.616,-4.530,-15.866;496604,0.025,-0.101,-0.070,6.742,1.185,-16.440;496624,-0.036,-0.048,-0.062,1.977,4.523,-16.079
2026-05-28T09:32:52.930Z 496646,-0.089,-0.047,-0.124,-3.813,4.284,-14.017;496666,-0.144,-0.133,-0.181,-12.698,-10.476,-4.989;496686,-0.237,-0.560,-0.263,-5.438,-36.380,17.377;496706,-0.306,-1.076,0.142,-20.003,-55.999,27.602;496726,-0.101,-1.420,0.330,-14.650,-53.660,2
2026-05-28T09:32:53.052Z 496746,0.044,-1.543,0.389,-9.907,-48.870,17.297;496766,0.081,-1.689,0.541,-21.916,-43.041,10.638;496786,0.039,-1.855,0.651,-20.414,-34.488,6.773;496806,0.002,-1.887,0.863,-5.230,-23.666,0.635;496826,-0.044,-1.840,0.846,5.213,-17.754,-4.587
2026-05-28T09:32:53.171Z 496849,-0.076,-1.729,0.749,7.187,-22.306,-8.825;496869,-0.075,-1.597,0.626,-1.801,-29.763,-13.253;496893,-0.022,-1.396,0.524,-9.524,-33.795,-16.964;496913,0.021,-1.187,0.441,-14.449,-35.217,-16.577;496933,0.027,-1.010,0.356,-12.748,-33.935,-13.
2026-05-28T09:32:53.225Z 496953,0.007,-0.854,0.294,-7.174,-32.589,-8.846;496973,-0.002,-0.718,0.239,-1.877,-32.471,-3.112;496993,0.002,-0.603,0.189,1.068,-34.723,2.983;497013,0.001,-0.509,0.151,0.661,-38.725,7.773;497033,0.009,-0.428,0.120,-1.901,-42.694,11.211
2026-05-28T09:32:53.319Z 497054,0.027,-0.366,0.085,-6.541,-45.674,13.457;497074,0.036,-0.321,0.072,-11.365,-46.797,14.508;497095,0.028,-0.283,0.062,-11.683,-46.827,14.595;497115,0.020,-0.280,-0.005,-8.676,-48.528,14.040;497135,0.049,-0.371,-0.101,-2.102,-54.460,11.042
2026-05-28T09:32:53.436Z 497159,0.102,-0.638,-0.219,1.638,-59.145,4.186;497179,0.244,-1.020,-0.161,-2.206,-58.641,-16.601;497199,-0.074,-1.251,-0.138,-4.677,-55.036,-3.685;497219,-0.181,-1.469,-0.061,10.856,-49.930,5.587;497239,-0.179,-1.610,0.060,-3.489,-63.058,7.668
2026-05-28T09:32:53.528Z 497259,-0.185,-1.791,0.261,-23.730,-77.486,9.603;497282,-0.158,-1.930,0.526,-19.548,-84.979,10.917;497302,-0.092,-1.951,0.596,-4.512,-85.873,14.733;497322,-0.011,-1.859,0.527,-0.704,-82.102,19.797;497342,0.065,-1.742,0.446,-4.627,-76.076,23.830
2026-05-28T09:32:53.648Z 497362,0.099,-1.549,0.374,-8.913,-67.256,25.234;497384,0.142,-1.326,0.277,-7.128,-59.676,24.228;497404,0.147,-1.106,0.193,1.568,-52.839,18.751;497424,0.117,-0.891,0.133,14.626,-46.882,10.606;497444,0.076,-0.700,0.081,20.113,-42.102,4.032
2026-05-28T09:32:53.791Z 497464,0.041,-0.578,0.046,15.165,-40.318,0.490;497484,0.009,-0.506,0.033,0.924,-42.941,1.451;497508,0.005,-0.462,0.047,-14.751,-47.504,3.556;497528,0.016,-0.417,0.064,-13.051,-46.787,3.819;497552,0.035,-0.351,0.046,-6.049,-44.686,3.048
2026-05-28T09:32:53.975Z 497572,0.051,-0.266,-0.009,0.956,-42.954,1.877;497592,0.043,-0.181,-0.027,3.385,-40.118,1.811;497612,0.012,-0.149,-0.078,1.120,-38.861,3.518;497632,-0.008,-0.192,-0.185,-6.190,-49.319,9.900;497656,-0.158,-0.520,-0.251,-2.798,-59.683,21.772
2026-05-28T09:32:54.013Z 497676,-0.368,-1.017,-0.123,1.906,-75.980,24.678;497696,-0.117,-1.332,0.066,-7.068,-80.669,18.439;497716,0.160,-1.517,0.222,-6.173,-74.062,14.577;497736,0.322,-1.705,0.324,-5.439,-65.003,15.390;497756,0.370,-1.871,0.435,-3.763,-46.189,13.239
2026-05-28T09:32:54.067Z 497776,0.221,-1.969,0.475,22.198,-33.282,4.966;497799,0.135,-1.898,0.441,24.774,-26.129,-7.701;497819,0.099,-1.786,0.384,17.039,-25.396,-17.430;497839,0.103,-1.645,0.351,8.138,-21.944,-23.662;497859,0.136,-1.436,0.298,3.365,-16.327,-25.426
2026-05-28T09:32:54.156Z 497879,0.135,-1.203,0.231,5.195,-8.128,-20.843;497901,0.091,-1.002,0.155,16.144,-0.345,-13.877;497921,0.030,-0.803,0.107,27.702,4.047,-5.727;497941,0.007,-0.619,0.103,36.300,5.088,1.295;497961,0.010,-0.501,0.087,34.096,2.329,6.476
2026-05-28T09:32:54.250Z 497981,0.026,-0.417,0.081,23.644,-1.600,9.776;498001,0.027,-0.387,0.040,3.069,-8.923,12.712;498024,0.004,-0.385,0.012,-11.839,-15.888,15.657;498044,-0.020,-0.366,-0.026,-7.884,-16.673,16.915;498067,-0.032,-0.303,-0.047,-2.737,-16.058,16.737
2026-05-28T09:32:54.370Z 498087,-0.038,-0.243,-0.078,2.526,-15.627,14.242;498107,-0.052,-0.223,-0.216,5.479,-17.915,8.433;498127,0.002,-0.353,-0.315,-4.104,-26.031,-1.546;498147,0.276,-0.900,-0.473,-21.341,-36.262,-19.444;498167,0.296,-1.118,-0.517,2.414,-33.890,-36.58
2026-05-28T09:32:54.461Z 498187,0.061,-1.449,0.084,-13.110,-23.487,-20.021;498209,0.013,-1.672,0.027,17.394,-13.821,-11.449;498229,-0.037,-1.842,0.199,-4.908,-23.860,-5.530;498249,-0.075,-1.928,0.430,2.127,-24.456,1.149;498269,-0.055,-1.979,0.490,18.635,-22.573,7.642
2026-05-28T09:32:54.612Z 498289,0.026,-1.872,0.423,21.031,-19.388,14.292;498309,0.090,-1.736,0.327,17.419,-17.460,19.027;498333,0.102,-1.525,0.255,12.718,-14.447,19.334;498353,0.081,-1.316,0.199,13.695,-12.179,15.485;498373,0.099,-1.071,0.136,17.161,-9.364,10.079
2026-05-28T09:32:54.667Z 498393,0.100,-0.853,0.084,25.427,-4.645,3.222;498413,0.075,-0.692,0.070,27.957,0.565,-2.903;498433,0.036,-0.584,0.068,19.873,1.698,-6.929;498453,-0.002,-0.533,0.066,2.674,-2.182,-7.642;498473,-0.023,-0.494,0.082,-7.029,-5.151,-8.177
2026-05-28T09:32:54.761Z 498495,-0.019,-0.451,0.081,-4.611,-5.101,-10.070;498515,0.008,-0.370,0.039,1.968,-4.840,-12.334;498535,0.012,-0.276,-0.009,5.582,-5.038,-14.031;498555,0.003,-0.195,-0.040,5.083,-4.219,-15.231;498575,-0.010,-0.139,-0.062,0.576,-1.846,-15.890
2026-05-28T09:32:54.879Z 498596,-0.014,-0.114,-0.154,-6.358,0.042,-13.116;498616,-0.066,-0.225,-0.179,-17.810,-5.769,-3.372;498636,-0.242,-0.791,-0.185,-22.609,-25.420,18.679;498656,-0.320,-1.233,-0.014,-32.072,-43.314,31.752;498676,-0.070,-1.526,0.044,-18.014,-39.784,
2026-05-28T09:32:54.971Z 498696,0.099,-1.653,0.132,-19.377,-34.622,22.374;498716,0.191,-1.828,0.259,-20.416,-27.405,16.650;498736,0.150,-1.939,0.458,-12.959,-11.960,11.662;498756,0.129,-1.988,0.650,-1.943,0.481,6.323;498776,0.102,-1.957,0.635,8.621,8.045,-0.251
2026-05-28T09:32:55.089Z 498796,0.064,-1.889,0.594,11.942,12.679,-7.127;498820,0.022,-1.765,0.534,4.722,16.463,-15.228;498840,-0.008,-1.596,0.477,-2.505,21.647,-22.730;498860,-0.021,-1.383,0.387,-6.139,26.145,-25.303;498880,-0.050,-1.159,0.282,-0.101,29.099,-21.387
2026-05-28T09:32:55.182Z 498902,-0.074,-0.959,0.201,11.954,30.484,-14.543;498922,-0.077,-0.752,0.141,25.807,29.949,-8.108;498942,-0.060,-0.589,0.118,28.592,26.317,-1.673;498962,-0.036,-0.501,0.097,23.177,21.372,2.355;498982,-0.015,-0.449,0.077,9.117,14.806,4.124
2026-05-28T09:32:55.270Z 499002,-0.000,-0.414,0.064,-6.569,7.696,4.734;499024,0.003,-0.381,0.048,-10.510,4.930,5.155;499044,-0.010,-0.334,0.017,-6.718,6.269,6.289;499064,-0.046,-0.280,-0.009,-4.959,7.123,7.879;499088,-0.090,-0.226,-0.020,-2.293,7.117,8.605
2026-05-28T09:32:55.390Z 499108,-0.110,-0.214,-0.111,3.874,1.023,4.977;499128,-0.061,-0.279,-0.169,2.002,-4.523,-3.507;499148,0.120,-0.663,-0.282,-11.079,-16.433,-8.661;499168,0.223,-0.924,-0.330,4.014,-18.692,-32.506;499188,-0.054,-1.379,0.182,-16.007,-17.655,-25.427
2026-05-28T09:32:55.480Z 499210,-0.109,-1.595,0.221,10.647,-9.175,-18.933;499230,-0.145,-1.761,0.276,0.196,-17.641,-14.346;499250,-0.156,-1.893,0.479,-16.889,-27.693,-10.015;499270,-0.142,-1.924,0.534,1.492,-22.285,-1.856;499294,-0.079,-1.863,0.479,12.282,-16.141,6.256
2026-05-28T09:32:55.602Z 499314,-0.026,-1.744,0.412,9.964,-10.167,13.695;499334,-0.002,-1.590,0.332,4.871,-4.779,17.185;499355,-0.006,-1.372,0.282,4.772,-0.665,16.551;499375,0.001,-1.148,0.187,11.106,1.101,13.318;499395,0.021,-0.924,0.162,17.881,4.341,6.663
2026-05-28T09:32:55.688Z 499415,0.031,-0.709,0.129,24.098,9.211,-0.892;499435,0.020,-0.573,0.104,22.745,12.361,-7.784;499455,-0.003,-0.490,0.079,7.147,9.564,-11.285;499475,-0.021,-0.438,0.105,-17.271,1.931,-10.031;499495,-0.029,-0.411,0.096,-25.767,-2.140,-9.756
2026-05-28T09:32:55.778Z 499515,-0.028,-0.378,0.079,-19.742,-2.185,-11.013;499535,-0.016,-0.308,0.046,-9.374,-1.473,-12.324;499555,0.008,-0.234,0.006,-4.278,-0.373,-13.010;499575,0.025,-0.173,-0.028,-5.275,1.066,-12.799;499595,0.022,-0.172,-0.107,-10.481,1.061,-10.494
2026-05-28T09:32:55.898Z 499616,0.002,-0.231,-0.164,-15.857,-5.662,-3.661;499636,-0.069,-0.465,-0.211,-13.442,-10.233,7.138;499656,-0.194,-0.952,-0.197,-13.330,-19.016,18.471;499676,-0.055,-1.392,-0.008,-16.641,-30.318,25.039;499696,0.158,-1.479,0.121,-17.459,-26.621,1
2026-05-28T09:32:55.986Z 499720,0.267,-1.622,0.258,-17.944,-19.286,12.563;499740,0.292,-1.757,0.414,-18.411,-7.421,7.804;499760,0.238,-1.793,0.581,-2.905,8.853,-0.644;499783,0.145,-1.740,0.587,3.711,18.026,-8.127;499803,0.051,-1.665,0.546,3.474,21.694,-13.941
2026-05-28T09:32:56.115Z 499823,0.004,-1.554,0.511,-3.455,22.505,-18.967;499843,0.011,-1.390,0.446,-11.351,22.489,-21.383;499863,0.034,-1.187,0.374,-11.552,23.684,-19.375;499883,0.030,-0.997,0.274,-4.638,28.005,-15.894;499903,0.003,-0.776,0.218,8.683,33.601,-11.502
2026-05-28T09:32:56.202Z 499923,-0.012,-0.605,0.135,19.173,33.651,-4.822;499944,-0.019,-0.489,0.085,21.057,29.958,1.044;499964,-0.026,-0.418,0.001,15.573,24.384,3.963;499984,-0.020,-0.370,-0.045,4.439,20.653,3.233;500004,0.003,-0.337,-0.079,-5.025,18.507,1.853
2026-05-28T09:32:56.289Z 500024,0.021,-0.303,-0.087,-5.763,17.929,0.796;500047,-0.007,-0.302,-0.169,0.860,17.180,-2.374;500067,-0.022,-0.338,-0.205,5.244,14.365,-10.598;500087,0.037,-0.620,-0.172,-3.086,1.645,-14.841;500110,-0.020,-0.950,-0.137,6.623,-11.932,-25.527
2026-05-28T09:32:56.411Z 500130,-0.196,-1.381,0.303,-25.388,-21.165,-18.247;500152,-0.121,-1.627,0.352,0.759,-16.608,-14.550;500172,-0.164,-1.787,0.425,-7.631,-21.560,-9.059;500192,-0.206,-1.873,0.620,-18.343,-27.344,-1.954;500212,-0.195,-1.907,0.589,-3.470,-25.842,5.8
2026-05-28T09:32:56.500Z 500232,-0.145,-1.811,0.519,-0.688,-23.147,11.036;500254,-0.078,-1.646,0.426,-3.826,-21.359,14.014;500274,-0.035,-1.446,0.339,-6.127,-20.243,13.671;500294,-0.022,-1.226,0.247,-4.329,-19.312,11.523;500314,-0.005,-1.006,0.168,2.812,-16.782,7.106
2026-05-28T09:32:56.617Z 500336,0.004,-0.780,0.106,13.248,-11.609,-0.327;500356,0.002,-0.607,0.054,16.278,-7.076,-5.531;500376,-0.007,-0.501,0.034,7.748,-6.463,-8.781;500396,-0.005,-0.443,0.035,-7.110,-7.535,-11.050;500416,0.002,-0.415,0.028,-21.791,-10.543,-12.323
2026-05-28T09:32:56.706Z 500440,0.011,-0.394,0.013,-25.471,-11.305,-12.522;500460,0.009,-0.364,-0.016,-19.765,-10.086,-11.985;500480,-0.002,-0.310,-0.059,-11.389,-8.188,-10.947;500500,-0.026,-0.245,-0.103,-7.731,-6.273,-8.666;500520,-0.045,-0.286,-0.086,-10.801,-10.121
2026-05-28T09:32:56.832Z 500540,-0.095,-0.485,-0.066,-15.049,-14.773,9.560;500560,-0.035,-1.012,-0.104,-18.111,-26.638,10.969;500580,-0.110,-1.460,0.118,-28.175,-31.193,12.721;500600,-0.019,-1.648,0.190,-3.469,-24.528,14.680;500620,0.133,-1.779,0.263,-2.893,-21.508,10.
2026-05-28T09:32:56.916Z 500640,0.206,-1.868,0.397,-5.224,-18.446,2.284;500660,0.154,-1.875,0.512,4.413,-8.410,-7.357;500680,0.093,-1.780,0.452,9.280,4.094,-16.622;500700,0.006,-1.637,0.397,6.643,15.803,-22.513;500720,-0.046,-1.463,0.343,2.488,25.179,-25.558
2026-05-28T09:32:57.012Z 500740,-0.020,-1.250,0.247,-0.897,28.882,-22.321;500762,-0.014,-1.049,0.166,1.993,32.652,-16.229;500782,-0.030,-0.839,0.098,11.820,35.518,-8.844;500802,-0.044,-0.655,0.085,23.047,36.855,-2.290;500822,-0.041,-0.538,0.082,23.582,33.304,3.070
2026-05-28T09:32:57.129Z 500842,-0.025,-0.445,0.066,15.595,27.897,5.542;500862,-0.011,-0.399,0.046,2.544,21.781,6.508;500882,-0.004,-0.379,0.037,-9.785,16.811,7.616;500902,-0.009,-0.373,0.000,-10.817,16.047,9.440;500922,-0.021,-0.337,-0.037,-5.221,18.364,10.645
2026-05-28T09:32:57.216Z 500942,-0.061,-0.283,-0.056,-0.537,19.546,11.185;500963,-0.091,-0.244,-0.112,6.016,16.083,10.274;500983,-0.127,-0.262,-0.269,11.110,13.524,4.998;501003,0.091,-0.579,-0.462,6.404,-1.606,-1.340;501023,-0.020,-0.900,-0.550,7.485,-13.267,-17.177
2026-05-28T09:32:57.336Z 501043,-0.410,-1.185,-0.462,-2.875,-20.478,-10.803;501063,-0.374,-1.397,-0.189,15.043,-17.168,-4.958;501083,-0.255,-1.571,-0.088,23.708,-20.580,-4.067;501103,-0.207,-1.735,0.052,2.473,-29.651,-2.057;501123,-0.188,-1.872,0.291,3.878,-21.716,6.49
2026-05-28T09:32:57.432Z 501143,-0.157,-1.822,0.407,21.516,-14.833,14.221;501164,-0.118,-1.701,0.319,23.315,-9.385,21.277;501184,-0.096,-1.533,0.237,11.596,-8.911,23.753;501204,-0.095,-1.325,0.171,3.091,-10.092,22.066;501224,-0.076,-1.113,0.082,4.449,-12.826,18.647
2026-05-28T09:32:57.518Z 501244,-0.033,-0.930,0.032,6.098,-14.867,15.259;501264,-0.007,-0.728,0.004,12.361,-12.023,8.757;501284,-0.022,-0.578,0.005,19.305,-7.299,3.055;501304,-0.068,-0.508,-0.008,17.014,-7.459,-1.445;501324,-0.077,-0.469,-0.026,5.206,-11.751,-3.681
2026-05-28T09:32:57.636Z 501344,-0.048,-0.436,-0.017,-9.006,-16.223,-4.007;501364,-0.007,-0.396,0.001,-8.562,-13.799,-4.743;501384,0.011,-0.343,-0.007,-1.784,-8.561,-5.673;501406,0.021,-0.269,-0.025,2.732,-4.210,-6.314;501426,0.029,-0.194,-0.056,2.972,-0.456,-6.228
2026-05-28T09:32:57.730Z 501446,0.039,-0.174,-0.147,1.784,2.496,-4.855;501466,-0.001,-0.244,-0.265,1.407,1.948,-0.915;501490,-0.147,-0.729,-0.358,1.663,-5.275,11.557;501510,-0.216,-1.190,-0.161,-14.013,-16.615,20.996;501530,-0.084,-1.515,0.066,-19.080,-20.952,16.540
2026-05-28T09:32:57.819Z 501550,0.052,-1.706,0.182,-8.225,-12.472,12.366;501572,0.131,-1.887,0.334,-5.810,-4.394,7.758;501592,0.121,-1.948,0.465,6.560,6.968,0.109;501612,0.068,-1.891,0.492,16.691,14.767,-9.385;501632,-0.017,-1.817,0.419,20.989,18.384,-16.494
2026-05-28T09:32:57.944Z 501654,-0.087,-1.691,0.379,13.996,21.220,-22.446;501674,-0.120,-1.531,0.342,4.215,23.631,-23.928;501694,-0.092,-1.301,0.275,-1.425,26.422,-22.220;501714,-0.071,-1.063,0.190,6.305,30.176,-17.285;501734,-0.077,-0.854,0.136,17.682,32.754,-10.296
2026-05-28T09:32:58.034Z 501758,-0.102,-0.676,0.104,27.207,28.656,-2.918;501778,-0.092,-0.552,0.087,23.876,21.501,3.057;501798,-0.068,-0.477,0.076,12.247,12.938,8.178;501818,-0.033,-0.444,0.073,-1.647,5.614,11.486;501841,0.000,-0.418,0.065,-7.058,1.788,13.068
2026-05-28T09:32:58.148Z 501861,0.009,-0.377,0.020,-5.157,1.922,13.458;501881,0.003,-0.325,-0.025,-3.651,2.778,13.491;501901,-0.013,-0.260,-0.047,-2.435,3.772,12.967;501921,-0.026,-0.220,-0.059,-1.667,3.435,11.755;501941,-0.044,-0.244,-0.223,0.835,1.143,7.939
2026-05-28T09:32:58.243Z 501961,0.045,-0.504,-0.416,-2.742,-4.906,-1.006;501981,0.290,-0.881,-0.150,-20.504,-13.069,-18.333;502001,-0.085,-1.120,-0.384,3.290,-14.093,-16.911;502021,-0.188,-1.364,0.082,3.117,-8.335,-9.378;502041,-0.149,-1.574,0.071,23.917,-10.692,-10.09
2026-05-28T09:32:58.324Z 502061,-0.177,-1.715,0.232,7.476,-19.388,-9.226;502081,-0.197,-1.801,0.480,3.251,-19.950,-3.787;502101,-0.175,-1.838,0.467,25.441,-14.714,4.577;502121,-0.127,-1.733,0.382,29.791,-9.861,12.635;502141,-0.107,-1.577,0.329,15.691,-8.355,17.523
2026-05-28T09:32:58.446Z 502163,-0.091,-1.368,0.287,3.413,-8.438,19.353;502183,-0.054,-1.169,0.240,0.090,-9.379,18.011;502203,0.010,-0.965,0.158,6.440,-6.260,12.039;502223,0.045,-0.771,0.107,17.220,0.767,3.610;502243,0.035,-0.592,0.032,29.505,7.784,-4.741
2026-05-28T09:32:58.568Z 502263,0.002,-0.474,0.029,25.263,12.201,-10.975;502283,-0.029,-0.405,0.021,9.699,10.939,-14.869;502303,-0.041,-0.366,0.033,-11.686,6.478,-16.498;502323,-0.036,-0.356,0.035,-27.969,1.744,-16.487;502343,-0.033,-0.340,0.034,-29.057,2.004,-15.576
2026-05-28T09:32:58.628Z 502363,-0.030,-0.296,-0.003,-15.277,3.809,-14.609;502383,-0.018,-0.243,-0.065,-4.755,4.922,-13.903;502403,-0.008,-0.229,-0.182,-3.978,2.957,-10.528;502423,-0.028,-0.267,-0.175,-14.047,0.316,-3.109;502445,-0.087,-0.512,-0.261,-12.526,-3.842,6.48
2026-05-28T09:32:58.743Z 502466,-0.271,-0.965,-0.052,-8.779,-14.435,15.589;502486,-0.110,-1.295,0.146,-13.358,-21.324,12.704;502506,0.035,-1.461,0.255,-7.207,-14.592,10.289;502530,0.083,-1.650,0.329,-6.611,-9.409,7.709;502550,0.029,-1.720,0.512,-5.015,-2.257,2.162
2026-05-28T09:32:58.836Z 502570,-0.014,-1.720,0.484,8.087,-2.203,-5.219;502592,-0.073,-1.672,0.440,9.859,-2.843,-11.719;502612,-0.121,-1.587,0.420,3.244,-4.934,-17.099;502632,-0.132,-1.452,0.368,-4.301,-7.233,-21.852;502652,-0.071,-1.241,0.309,-11.768,-7.897,-23.539
2026-05-28T09:32:58.958Z 502672,-0.017,-1.022,0.202,-5.535,-7.729,-18.592;502696,-0.001,-0.836,0.145,1.329,-5.279,-12.389;502716,0.004,-0.680,0.125,12.345,-3.150,-6.969;502736,0.014,-0.567,0.108,18.778,-2.787,-2.890;502756,0.009,-0.494,0.099,10.652,-4.741,-0.328
2026-05-28T09:32:59.078Z 502776,-0.003,-0.438,0.078,-0.440,-8.268,2.140;502796,-0.024,-0.405,0.038,-7.607,-12.146,4.898;502816,-0.047,-0.367,-0.003,-8.846,-13.327,7.476;502840,-0.061,-0.313,-0.045,-8.050,-13.342,9.288;502860,-0.071,-0.248,-0.051,-8.948,-13.428,9.486
2026-05-28T09:32:59.170Z 502880,-0.062,-0.259,-0.214,-8.274,-19.342,7.478;502900,0.028,-0.337,-0.235,-13.808,-23.976,0.445;502920,0.207,-0.872,-0.133,-18.484,-36.511,-15.922;502940,-0.106,-1.243,-0.273,-9.761,-45.536,-22.993;502960,-0.143,-1.469,-0.025,10.682,-40.683,-
2026-05-28T09:32:59.260Z 502982,-0.085,-1.615,0.021,23.628,-45.302,-6.485;503002,-0.085,-1.793,0.077,11.716,-61.752,-4.377;503022,-0.108,-1.873,0.362,3.357,-74.352,-0.634;503042,-0.092,-1.906,0.460,17.777,-75.522,4.702;503062,-0.030,-1.818,0.441,19.605,-73.972,9.474
2026-05-28T09:32:59.381Z 503082,0.035,-1.678,0.380,13.112,-72.223,11.787;503104,0.072,-1.486,0.331,3.657,-69.886,12.127;503124,0.126,-1.283,0.264,-0.032,-68.485,10.337;503144,0.160,-1.068,0.201,2.994,-65.967,8.168;503164,0.140,-0.858,0.114,15.362,-61.190,3.942
2026-05-28T09:32:59.468Z 503187,0.109,-0.672,0.053,25.097,-54.410,-0.523;503207,0.101,-0.551,0.035,25.727,-49.270,-4.250;503227,0.099,-0.483,0.011,16.091,-48.205,-6.077;503247,0.111,-0.440,-0.010,-1.877,-50.414,-6.172;503267,0.131,-0.392,-0.015,-12.298,-47.347,-8.197
2026-05-28T09:32:59.557Z 503287,0.154,-0.341,-0.011,-12.651,-42.506,-10.641;503307,0.151,-0.265,0.003,-8.043,-34.153,-15.309;503327,0.066,-0.198,-0.009,-8.585,-27.382,-18.927;503347,-0.009,-0.169,-0.027,-16.041,-24.648,-19.228;503370,0.024,-0.181,-0.126,-23.678,-29.721
2026-05-28T09:32:59.678Z 503390,0.003,-0.271,-0.124,-30.829,-35.764,-6.613;503410,-0.091,-0.800,-0.214,-15.749,-45.771,7.644;503434,-0.294,-1.207,0.290,-37.081,-59.230,21.919;503454,-0.042,-1.317,0.370,-27.051,-51.948,17.891;503474,0.222,-1.434,0.355,-21.702,-44.302,17
2026-05-28T09:32:59.773Z 503494,0.223,-1.600,0.468,-27.886,-41.520,18.941;503514,0.060,-1.787,0.697,-25.736,-37.746,16.280;503534,-0.054,-1.824,0.724,-3.702,-40.901,8.102;503555,-0.103,-1.824,0.715,0.488,-50.394,-1.678;503575,-0.047,-1.793,0.688,-6.525,-61.337,-10.375
2026-05-28T09:32:59.860Z 503595,0.062,-1.645,0.567,-8.201,-61.530,-16.306;503615,0.115,-1.431,0.501,-13.407,-53.482,-16.900;503635,0.121,-1.228,0.385,-11.598,-47.812,-13.029;503655,0.073,-1.042,0.320,-5.692,-40.933,-6.517;503675,0.038,-0.861,0.242,3.420,-36.542,1.161
2026-05-28T09:32:59.978Z 503695,0.028,-0.703,0.156,10.478,-34.000,9.142;503715,0.040,-0.558,0.114,17.265,-31.307,14.892;503735,0.067,-0.462,0.103,16.415,-30.603,17.448;503755,0.088,-0.406,0.085,4.944,-32.980,18.412;503775,0.079,-0.378,0.051,-6.262,-35.092,18.227
2026-05-28T09:33:00.093Z 503795,0.063,-0.349,0.018,-12.620,-35.623,17.318;503815,0.040,-0.303,-0.010,-11.477,-33.841,16.671;503835,0.012,-0.240,-0.035,-9.033,-32.125,16.341;503855,-0.025,-0.210,-0.068,-6.002,-33.046,16.099;503877,-0.071,-0.245,-0.200,-6.823,-37.840,13.
2026-05-28T09:33:00.245Z 503897,0.057,-0.579,-0.376,-4.344,-49.385,8.948;503917,0.289,-1.021,-0.186,-22.397,-57.569,-7.493;503937,-0.067,-1.374,-0.053,-27.597,-59.828,-5.904;503957,-0.142,-1.547,0.329,-27.871,-56.164,4.490;503977,-0.123,-1.701,0.338,-8.803,-58.524,8.08
2026-05-28T09:33:00.277Z 503997,-0.142,-1.853,0.542,-20.255,-66.939,13.170;504017,-0.152,-2.009,0.694,-14.690,-68.828,20.015;504039,-0.112,-2.007,0.702,3.600,-67.265,28.518;504059,-0.035,-1.923,0.616,9.395,-63.996,35.812;504079,0.060,-1.801,0.559,1.971,-59.505,39.771
2026-05-28T09:33:00.372Z 504099,0.102,-1.603,0.488,-3.497,-54.470,39.396;504119,0.118,-1.396,0.368,0.158,-49.404,35.395;504139,0.128,-1.163,0.264,6.864,-43.366,26.770;504159,0.129,-0.917,0.169,15.850,-34.563,16.598;504179,0.120,-0.706,0.102,23.186,-26.010,7.850
2026-05-28T09:33:00.494Z 504199,0.063,-0.556,0.078,21.686,-19.426,2.092;504219,0.025,-0.471,0.077,7.099,-21.419,0.188;504240,0.008,-0.428,0.066,-9.988,-27.893,1.023;504260,-0.020,-0.398,0.055,-22.909,-35.510,3.430;504281,-0.053,-0.381,0.035,-16.836,-39.137,5.074
2026-05-28T09:33:00.580Z 504301,-0.054,-0.321,0.001,-5.384,-41.342,6.186;504321,-0.032,-0.264,-0.055,0.871,-43.151,7.354;504345,0.012,-0.238,-0.131,1.216,-46.411,9.517;504365,0.019,-0.353,-0.181,-5.933,-46.673,11.684;504385,-0.017,-0.894,-0.194,-3.954,-53.643,18.075
2026-05-28T09:33:00.701Z 504408,0.110,-1.356,0.066,-29.105,-61.297,14.525;504428,0.157,-1.604,0.346,-32.677,-52.103,7.056;504452,0.208,-1.763,0.435,-21.761,-34.867,5.416;504476,0.166,-1.830,0.568,-21.646,-20.317,-1.036;504496,0.091,-1.851,0.613,-15.030,-8.297,-10.642
2026-05-28T09:33:00.790Z 504516,0.006,-1.776,0.515,-0.819,3.375,-19.491;504539,-0.086,-1.643,0.412,0.851,14.478,-25.099;504559,-0.128,-1.421,0.361,-4.376,21.068,-27.129;504579,-0.135,-1.197,0.300,-5.459,21.176,-22.028;504599,-0.139,-0.980,0.186,4.369,19.565,-12.518
2026-05-28T09:33:00.909Z 504619,-0.113,-0.772,0.093,15.139,18.626,-1.624;504639,-0.050,-0.588,0.047,25.109,20.071,6.477;504663,-0.006,-0.490,0.049,31.294,20.567,11.466;504683,0.015,-0.452,0.054,16.841,19.835,12.312;504703,0.032,-0.430,0.030,-2.055,15.120,12.639
2026-05-28T09:33:01.001Z 504726,0.034,-0.410,0.008,-16.423,13.932,12.065;504746,-0.008,-0.381,-0.029,-9.528,17.647,10.942;504766,-0.063,-0.329,-0.063,-0.198,21.226,9.793;504786,-0.121,-0.255,-0.075,3.173,22.372,8.834;504808,-0.154,-0.182,-0.074,3.494,19.648,7.839
2026-05-28T09:33:01.127Z 504828,-0.171,-0.152,-0.186,3.464,10.356,4.814;504848,-0.088,-0.297,-0.250,-2.008,-11.211,1.060;504870,0.066,-0.791,-0.005,-24.449,-26.704,-29.875;504894,-0.403,-1.113,0.153,-38.268,-29.702,-14.219;504914,-0.457,-1.352,0.140,6.886,-14.178,-6.48
2026-05-28T09:33:01.214Z 504936,-0.423,-1.524,0.273,8.892,-16.446,-1.042;504956,-0.388,-1.652,0.432,-12.766,-31.612,2.624;504976,-0.289,-1.719,0.407,8.063,-34.295,6.611;505000,-0.143,-1.625,0.360,16.916,-29.490,10.182;505020,-0.033,-1.494,0.247,21.117,-23.391,12.964
2026-05-28T09:33:01.298Z 505041,-0.002,-1.308,0.150,14.168,-18.436,13.036;505061,-0.005,-1.094,0.073,12.006,-12.777,10.472;505081,-0.006,-0.883,0.005,15.433,-5.624,5.381;505101,-0.008,-0.693,-0.013,20.872,3.313,-0.384;505121,-0.007,-0.530,-0.016,29.167,10.937,-5.858
2026-05-28T09:33:01.423Z 505141,-0.017,-0.442,-0.032,26.385,11.695,-9.709;505161,-0.036,-0.397,-0.029,17.017,9.629,-12.664;505184,-0.058,-0.367,-0.020,3.460,4.706,-14.504;505207,-0.064,-0.344,-0.018,1.741,2.096,-15.258;505227,-0.053,-0.311,-0.036,6.122,1.141,-15.436
2026-05-28T09:33:01.567Z 505247,-0.027,-0.277,-0.105,7.950,2.279,-14.676;505269,-0.016,-0.248,-0.183,8.744,1.937,-12.564;505289,-0.058,-0.267,-0.251,6.590,2.003,-8.148;505309,-0.165,-0.716,-0.322,6.728,-10.593,6.412;505329,-0.072,-1.209,0.026,-16.236,-28.770,19.239
2026-05-28T09:33:01.628Z 505350,0.096,-1.435,0.214,-13.169,-28.208,14.049;505370,0.168,-1.632,0.324,0.022,-22.311,10.661;505390,0.243,-1.811,0.412,2.674,-18.387,3.616;505410,0.254,-1.886,0.581,2.529,-7.920,-4.146;505430,0.224,-1.944,0.537,6.242,4.080,-14.396
2026-05-28T09:33:01.721Z 505454,0.119,-1.866,0.463,13.298,13.932,-20.315;505474,0.024,-1.720,0.436,8.703,24.321,-26.280;505494,-0.045,-1.524,0.395,-0.476,28.574,-28.855;505514,-0.084,-1.301,0.295,-0.990,25.890,-25.978;505534,-0.126,-1.098,0.183,0.925,23.215,-18.551
2026-05-28T09:33:01.866Z 505556,-0.126,-0.892,0.128,6.353,22.022,-8.810;505576,-0.078,-0.705,0.085,19.627,22.197,-0.328;505596,-0.007,-0.563,0.075,28.475,21.715,2.925;505616,0.041,-0.472,0.069,29.486,21.690,4.163;505636,0.041,-0.430,0.045,10.699,17.447,4.366
2026-05-28T09:33:01.927Z 505656,0.022,-0.409,0.005,-6.507,10.234,5.500;505680,-0.019,-0.396,-0.031,-10.035,5.623,7.128;505700,-0.055,-0.354,-0.041,-3.952,6.840,7.906;505720,-0.071,-0.296,-0.057,0.523,8.881,9.132;505740,-0.051,-0.283,-0.125,2.367,5.013,8.851
2026-05-28T09:33:02.050Z 505760,-0.041,-0.307,-0.288,3.605,-0.747,3.271;505780,0.163,-0.571,-0.464,-1.623,-5.607,-6.986;505800,0.332,-0.918,-0.301,-20.093,-10.726,-15.662;505820,0.142,-1.230,-0.378,3.868,-11.845,-21.765;505844,-0.048,-1.526,0.225,-17.540,-15.012,-16.63
2026-05-28T09:33:02.139Z 505864,-0.000,-1.678,0.275,-8.794,-21.449,-15.051;505886,-0.022,-1.813,0.370,-19.532,-34.967,-11.289;505906,-0.025,-1.882,0.480,-7.777,-35.664,-5.816;505926,-0.040,-1.852,0.486,5.997,-31.019,2.448;505947,-0.025,-1.744,0.429,6.992,-26.577,10.213
2026-05-28T09:33:02.225Z 505967,0.017,-1.619,0.366,0.057,-23.250,15.717;505987,0.046,-1.441,0.317,-9.043,-19.167,17.295;506007,0.066,-1.227,0.248,-7.101,-15.587,15.013;506027,0.078,-1.030,0.156,0.776,-12.663,10.178;506047,0.070,-0.835,0.099,14.576,-7.578,2.558
2026-05-28T09:33:02.349Z 506067,0.048,-0.638,0.053,24.236,1.405,-5.152;506087,0.015,-0.505,0.034,24.126,7.145,-10.770;506110,0.001,-0.422,0.037,11.626,6.412,-12.887;506130,0.010,-0.374,0.033,-6.332,2.365,-11.435;506150,0.016,-0.361,0.033,-22.209,-2.393,-9.770
2026-05-28T09:33:02.442Z 506170,0.015,-0.361,0.029,-25.113,-3.682,-9.242;506190,0.012,-0.336,-0.013,-14.223,-0.621,-9.896;506210,0.013,-0.290,-0.050,-5.470,1.889,-10.420;506233,0.019,-0.246,-0.120,-1.464,4.782,-10.233;506253,0.027,-0.262,-0.274,-0.100,7.800,-6.942
2026-05-28T09:33:02.558Z 506273,-0.164,-0.767,-0.400,9.189,0.624,10.175;506293,-0.275,-1.248,-0.016,-3.377,-15.271,21.120;506315,-0.043,-1.541,0.195,-14.452,-19.746,11.099;506335,0.036,-1.720,0.336,1.119,-9.799,7.087;506355,0.071,-1.829,0.434,0.210,-1.005,-0.188
2026-05-28T09:33:02.649Z 506375,0.067,-1.918,0.523,-1.085,7.386,-8.706;506395,0.024,-1.864,0.630,4.727,15.891,-18.502;506415,-0.035,-1.804,0.585,8.348,22.516,-24.248;506435,-0.093,-1.635,0.516,5.485,34.281,-26.063;506455,-0.101,-1.434,0.435,0.899,40.309,-24.904
2026-05-28T09:33:02.805Z 506475,-0.099,-1.225,0.335,-0.545,41.623,-20.472;506499,-0.137,-1.022,0.219,5.240,39.170,-11.838;506519,-0.133,-0.842,0.160,15.267,38.293,-3.229;506539,-0.090,-0.681,0.151,25.574,38.345,1.996;506559,-0.034,-0.562,0.138,24.723,36.456,3.445
2026-05-28T09:33:02.858Z 506581,-0.019,-0.493,0.101,12.601,32.434,4.426;506601,-0.032,-0.439,0.046,-1.237,24.136,5.382;506621,-0.072,-0.418,-0.007,-8.486,18.666,6.073;506641,-0.088,-0.363,-0.018,-6.370,18.558,7.366;506661,-0.083,-0.285,-0.030,-3.428,18.118,9.049
2026-05-28T09:33:02.980Z 506682,-0.063,-0.212,-0.021,-0.415,17.497,10.424;506702,-0.072,-0.205,-0.127,3.850,15.037,7.447;506723,0.051,-0.465,-0.356,2.961,3.178,2.522;506743,0.301,-0.914,0.077,-27.073,-11.242,-17.523;506763,-0.174,-1.321,0.389,-46.559,-22.959,-12.015
2026-05-28T09:33:03.067Z 506783,-0.259,-1.514,0.732,-35.337,-20.632,-8.630;506803,-0.214,-1.668,0.740,-29.908,-29.861,-6.546;506823,-0.216,-1.764,0.850,-43.970,-41.888,-4.037;506843,-0.184,-1.813,0.973,-40.195,-40.567,2.345;506863,-0.117,-1.754,0.861,-19.801,-35.361,10
2026-05-28T09:33:03.159Z 506883,-0.049,-1.634,0.696,-12.821,-28.198,17.518;506903,-0.004,-1.459,0.539,-15.869,-21.671,21.313;506923,0.004,-1.240,0.438,-21.188,-18.118,19.708;506946,0.013,-1.046,0.325,-13.890,-17.579,13.898;506966,0.025,-0.854,0.248,-3.704,-15.098,6.056
2026-05-28T09:33:03.250Z 506986,0.016,-0.663,0.182,7.224,-10.151,-1.634;507006,-0.013,-0.541,0.128,9.858,-6.284,-7.075;507030,-0.039,-0.464,0.089,2.025,-6.660,-9.011;507050,-0.049,-0.412,0.073,-8.221,-8.041,-9.359;507070,-0.042,-0.392,0.067,-16.619,-9.747,-8.741
2026-05-28T09:33:03.375Z 507090,-0.040,-0.371,0.054,-14.648,-9.749,-8.371;507110,-0.042,-0.329,0.023,-7.205,-9.248,-8.360;507130,-0.039,-0.267,-0.013,-0.009,-8.850,-8.622;507150,-0.022,-0.217,-0.078,1.513,-7.861,-8.743;507170,0.034,-0.191,-0.170,-0.289,-7.616,-7.543
2026-05-28T09:33:03.521Z 507190,0.061,-0.366,-0.287,-7.158,-9.046,-2.538;507212,-0.136,-0.911,-0.475,7.530,-23.748,16.040;507232,-0.144,-1.375,0.000,-22.201,-26.338,12.859;507252,0.082,-1.583,0.180,-10.787,-21.499,11.498;507272,0.157,-1.788,0.259,-8.784,-13.706,8.679
2026-05-28T09:33:03.584Z 507295,0.124,-1.914,0.376,-14.562,-2.101,2.672;507315,0.084,-1.917,0.654,-7.122,5.474,-4.144;507335,0.035,-1.888,0.570,2.634,7.253,-10.492;507355,-0.014,-1.788,0.542,-2.677,14.964,-15.918;507375,-0.055,-1.636,0.493,-13.216,23.211,-20.650
2026-05-28T09:33:03.671Z 507398,-0.049,-1.409,0.477,-16.645,32.318,-25.374;507418,-0.047,-1.169,0.349,-8.517,36.570,-21.956;507438,-0.081,-0.956,0.180,7.995,40.204,-13.839;507458,-0.088,-0.748,0.107,25.124,42.614,-3.663;507480,-0.061,-0.599,0.073,35.894,43.125,3.147
2026-05-28T09:33:03.758Z 507500,-0.019,-0.501,0.085,36.443,41.957,6.774;507520,0.001,-0.459,0.075,15.962,36.460,7.603;507542,-0.001,-0.434,0.052,-4.569,26.963,7.751;507562,-0.037,-0.417,0.012,-8.599,20.483,6.604;507582,-0.078,-0.382,-0.024,-3.592,19.901,5.718
2026-05-28T09:33:03.878Z 507602,-0.105,-0.328,-0.056,1.204,19.488,7.296;507622,-0.106,-0.248,-0.060,3.834,18.021,9.431;507642,-0.091,-0.192,-0.046,4.925,14.750,11.685;507662,-0.138,-0.237,-0.239,8.224,10.276,7.919;507682,0.032,-0.546,-0.480,9.499,2.399,-1.056
2026-05-28T09:33:03.966Z 507705,0.077,-0.796,-0.373,6.536,-13.552,-21.807;507725,-0.341,-1.185,-0.005,-15.556,-20.555,-13.583;507745,-0.332,-1.483,-0.006,5.747,-18.589,-9.248;507765,-0.250,-1.664,0.126,-1.039,-25.890,-8.543;507786,-0.224,-1.784,0.281,-13.041,-35.126,-8
2026-05-28T09:33:04.094Z 507806,-0.173,-1.833,0.462,-5.711,-31.542,-1.721;507826,-0.119,-1.768,0.425,3.688,-22.205,8.072;507846,-0.077,-1.687,0.341,3.547,-13.986,15.731;507866,-0.071,-1.507,0.276,-4.923,-8.125,19.533;507886,-0.076,-1.278,0.247,-10.035,-6.000,19.860
2026-05-28T09:33:04.179Z 507910,-0.046,-1.073,0.176,-0.235,-7.654,17.668;507930,0.005,-0.893,0.082,11.180,-5.920,10.693;507950,0.025,-0.692,0.030,26.221,0.205,1.487;507970,-0.005,-0.539,-0.016,35.398,6.528,-6.438;507990,-0.053,-0.452,-0.017,24.348,5.668,-9.063
2026-05-28T09:33:04.302Z 508010,-0.080,-0.397,-0.027,6.606,-1.564,-8.289;508033,-0.070,-0.369,-0.008,-9.857,-7.390,-7.763;508053,-0.058,-0.337,0.007,-17.342,-9.788,-7.885;508073,-0.054,-0.308,0.005,-11.408,-10.563,-7.478;508093,-0.035,-0.268,-0.035,-3.984,-11.029,-6.95
2026-05-28T09:33:04.390Z 508113,-0.004,-0.215,-0.066,-0.255,-10.702,-6.651;508134,0.033,-0.184,-0.124,-0.702,-9.262,-5.283;508154,0.032,-0.219,-0.200,-7.106,-9.667,-0.764;508174,-0.040,-0.579,-0.289,2.346,-25.896,17.628;508194,-0.170,-1.092,0.140,-18.184,-37.072,12.529
2026-05-28T09:33:04.509Z 508214,0.081,-1.364,0.363,-18.716,-30.962,8.324;508237,0.219,-1.603,0.419,-7.431,-21.300,6.645;508257,0.238,-1.738,0.549,-9.667,-6.487,0.633;508277,0.154,-1.835,0.693,1.405,6.516,-5.992;508297,0.081,-1.799,0.673,16.923,16.406,-13.305
2026-05-28T09:33:04.623Z 508320,0.022,-1.695,0.556,25.801,24.043,-19.070;508340,-0.031,-1.528,0.451,18.809,31.057,-24.031;508360,-0.059,-1.303,0.368,8.993,34.180,-25.623;508383,-0.069,-1.062,0.304,3.607,35.141,-24.540;508403,-0.087,-0.880,0.222,4.897,29.907,-16.117
2026-05-28T09:33:04.716Z 508423,-0.066,-0.695,0.137,13.281,27.105,-5.706;508443,-0.012,-0.546,0.100,22.440,28.386,1.144;508464,0.035,-0.447,0.096,28.779,29.301,5.465;508484,0.057,-0.394,0.095,22.301,29.136,7.703;508506,0.052,-0.392,0.062,3.685,24.161,8.610
2026-05-28T09:33:04.813Z 508526,0.027,-0.401,0.044,-8.037,18.981,7.932;508546,-0.022,-0.384,-0.009,-4.735,18.734,6.374;508566,-0.070,-0.334,-0.047,1.285,20.657,6.555;508590,-0.097,-0.245,-0.050,7.309,22.136,6.785;508610,-0.108,-0.174,-0.020,10.992,20.665,7.055
2026-05-28T09:33:04.892Z 508630,-0.149,-0.227,-0.213,14.140,14.059,1.992;508650,0.166,-0.753,-0.602,15.224,3.564,-9.059;508670,0.205,-1.109,-0.009,41.742,-4.533,-26.097;508690,-0.200,-1.520,0.593,-27.315,-8.065,-8.522;508710,-0.244,-1.717,0.554,12.305,-5.665,-4.560
2026-05-28T09:33:05.017Z 508730,-0.204,-1.839,0.594,1.029,-22.439,-5.642;508750,-0.185,-1.914,0.733,-18.260,-39.233,-5.055;508770,-0.141,-1.957,0.862,-12.948,-41.560,-0.424;508790,-0.069,-1.867,0.735,2.873,-31.234,8.890;508810,-0.025,-1.726,0.567,5.592,-21.413,16.290
2026-05-28T09:33:05.107Z 508830,-0.001,-1.514,0.424,-5.885,-15.866,19.094;508850,-0.017,-1.285,0.319,-10.212,-13.230,18.341;508873,0.005,-1.060,0.227,-8.863,-13.095,14.581;508895,0.023,-0.857,0.169,-1.317,-10.975,9.718;508915,0.003,-0.683,0.133,11.496,-5.703,3.906
2026-05-28T09:33:05.199Z 508935,-0.027,-0.586,0.096,12.170,-5.287,-0.202;508958,-0.030,-0.525,0.065,3.332,-7.900,-1.640;508978,-0.020,-0.482,0.046,-7.962,-9.544,-2.170;508998,-0.009,-0.444,0.049,-11.354,-8.359,-3.367;509022,-0.002,-0.399,0.002,-4.964,-5.210,-4.955
2026-05-28T09:33:05.349Z 509046,0.002,-0.329,-0.029,0.423,-3.037,-6.470;509066,0.012,-0.267,-0.121,2.804,-1.794,-6.958;509086,0.043,-0.246,-0.272,-0.180,-7.101,-1.494;509106,0.010,-0.612,-0.389,4.195,-16.399,11.352;509126,-0.287,-1.044,-0.090,-8.043,-30.227,25.751
2026-05-28T09:33:05.437Z 509146,-0.043,-1.488,0.050,-12.192,-38.647,25.663;509170,0.087,-1.682,0.245,-5.008,-26.872,25.693;509190,0.143,-1.839,0.337,3.645,-15.837,23.505;509210,0.158,-1.958,0.456,5.396,-3.125,15.386;509230,0.115,-1.977,0.472,14.163,3.459,3.255
2026-05-28T09:33:05.558Z 509253,0.075,-1.909,0.508,15.051,8.012,-8.196;509276,0.032,-1.765,0.453,5.258,14.473,-18.347;509296,-0.027,-1.585,0.444,-7.350,21.860,-25.725;509316,-0.070,-1.370,0.376,-7.447,28.909,-28.134;509336,-0.090,-1.175,0.223,-0.892,32.089,-23.425
2026-05-28T09:33:05.675Z 509356,-0.093,-0.978,0.104,5.614,33.318,-13.403;509376,-0.068,-0.774,0.057,18.688,34.518,-2.565;509396,-0.038,-0.605,0.035,34.397,34.889,3.842;509418,-0.007,-0.484,0.057,35.481,32.310,6.386;509438,0.007,-0.439,0.042,18.449,27.629,6.916
2026-05-28T09:33:05.737Z 509458,-0.004,-0.429,-0.030,-5.641,15.290,8.575;509482,-0.030,-0.422,-0.045,-19.580,8.941,8.935;509502,-0.068,-0.392,-0.060,-11.168,11.418,9.899;509522,-0.084,-0.334,-0.075,-3.039,14.667,11.946;509542,-0.086,-0.267,-0.068,3.377,15.397,13.571
2026-05-28T09:33:05.882Z 509562,-0.114,-0.245,-0.148,7.302,9.791,12.031;509582,-0.107,-0.282,-0.283,6.509,1.804,1.641;509602,0.253,-0.838,-0.249,-7.798,-9.480,-15.875;509625,0.131,-1.100,-0.487,15.830,-15.163,-35.415;509645,-0.278,-1.518,0.186,-31.341,-21.842,-21.816
2026-05-28T09:33:05.943Z 509665,-0.223,-1.752,0.135,3.526,-16.185,-17.511;509685,-0.211,-1.899,0.187,0.095,-20.981,-12.544;509705,-0.232,-1.966,0.366,-8.543,-21.954,-4.897;509725,-0.207,-1.943,0.524,1.298,-16.674,4.341;509745,-0.146,-1.854,0.437,13.820,-10.584,12.597
2026-05-28T09:33:06.039Z 509765,-0.090,-1.655,0.324,8.753,-4.922,18.737;509785,-0.078,-1.420,0.211,4.639,-4.047,20.234;509805,-0.064,-1.205,0.108,4.630,-3.971,17.319;509825,-0.024,-0.980,0.037,8.971,-1.828,9.169;509845,-0.012,-0.748,0.004,23.097,6.036,-0.007
2026-05-28T09:33:06.129Z 509865,-0.024,-0.575,0.003,33.659,11.283,-7.382;509885,-0.043,-0.455,0.031,29.416,9.087,-10.614;509905,-0.062,-0.403,0.042,7.114,3.897,-11.452;509925,-0.085,-0.405,0.036,-16.402,-3.261,-10.726;509945,-0.095,-0.401,0.044,-35.511,-11.460,-10.322
2026-05-28T09:33:06.278Z 509966,-0.069,-0.381,0.023,-28.033,-12.799,-11.759;509986,-0.043,-0.340,-0.036,-14.371,-11.557,-13.108;510006,-0.027,-0.252,-0.052,-7.381,-8.248,-13.053;510026,-0.003,-0.190,-0.103,-1.880,-3.248,-11.335;510046,0.020,-0.172,-0.181,-3.328,-5.196,
2026-05-28T09:33:06.335Z 510066,0.025,-0.746,-0.403,-3.332,-24.018,14.505;510090,-0.305,-1.228,0.021,-6.980,-37.655,20.114;510110,0.021,-1.406,0.153,-3.516,-33.719,8.674;510130,0.202,-1.535,0.287,-0.077,-23.992,3.829;510150,0.198,-1.680,0.375,-3.206,-10.167,-1.402
2026-05-28T09:33:06.487Z 510170,0.138,-1.718,0.594,-4.977,4.972,-8.196;510190,0.066,-1.677,0.652,4.787,18.683,-17.555;510211,-0.031,-1.641,0.568,10.396,24.688,-23.395;510231,-0.104,-1.534,0.491,3.599,31.632,-27.132;510251,-0.125,-1.343,0.410,-7.808,35.832,-28.099
2026-05-28T09:33:06.547Z 510271,-0.083,-1.103,0.318,-12.313,38.358,-25.411;510291,-0.072,-0.908,0.227,-10.759,38.510,-17.094;510311,-0.072,-0.740,0.142,-2.489,37.018,-7.557;510331,-0.059,-0.601,0.121,8.092,37.059,0.240;510351,-0.044,-0.501,0.065,14.715,35.840,5.414
2026-05-28T09:33:06.640Z 510373,-0.032,-0.432,0.066,12.453,34.282,7.537;510393,-0.031,-0.391,0.046,5.742,30.064,8.054;510413,-0.041,-0.368,0.003,-1.253,26.534,8.075;510433,-0.058,-0.345,-0.041,-3.546,24.879,7.260;510453,-0.080,-0.320,-0.070,-3.500,22.640,6.640
2026-05-28T09:33:06.762Z 510476,-0.122,-0.326,-0.169,0.541,18.878,5.494;510496,0.014,-0.548,-0.356,12.536,16.888,-3.292;510516,0.241,-0.894,-0.207,5.766,2.948,-13.508;510536,-0.191,-1.187,-0.178,-1.452,-7.959,-17.706;510556,-0.341,-1.539,0.299,-26.787,-16.305,-11.622
2026-05-28T09:33:06.848Z 510580,-0.272,-1.665,0.373,-11.847,-18.657,-9.274;510600,-0.236,-1.730,0.446,-11.049,-22.963,-5.289;510620,-0.188,-1.804,0.583,-12.953,-20.205,2.972;510640,-0.201,-1.795,0.642,-1.306,-12.716,12.896;510663,-0.180,-1.680,0.546,0.996,-7.732,21.634
2026-05-28T09:33:06.974Z 510683,-0.147,-1.515,0.473,-5.342,-6.755,26.857;510703,-0.122,-1.338,0.412,-13.202,-11.199,27.699;510723,-0.101,-1.130,0.318,-6.672,-16.687,26.075;510743,-0.060,-0.927,0.222,7.101,-16.647,19.458;510763,-0.030,-0.748,0.145,20.483,-14.928,12.873
2026-05-28T09:33:07.057Z 510783,-0.038,-0.597,0.082,29.916,-9.970,6.659;510803,-0.044,-0.498,0.072,24.202,-8.465,2.620;510827,-0.030,-0.435,0.043,11.462,-10.354,0.046;510847,-0.015,-0.397,0.024,-1.481,-12.838,-2.251;510870,-0.021,-0.362,0.020,-8.895,-13.128,-4.642
2026-05-28T09:33:07.243Z 510891,-0.026,-0.317,-0.003,-5.400,-11.809,-6.395;510911,-0.026,-0.262,-0.041,-3.052,-10.340,-6.805;510931,-0.029,-0.220,-0.063,-6.815,-6.289,-5.457;510955,0.009,-0.214,-0.154,-9.464,-6.893,-1.859;510975,0.016,-0.451,-0.227,-14.837,-13.861,5.40
2026-05-28T09:33:07.301Z 510995,-0.150,-0.982,-0.390,10.643,-25.213,12.131;511018,-0.005,-1.267,-0.144,14.301,-23.591,3.467;511038,0.214,-1.435,-0.004,15.315,-17.141,-0.359;511058,0.266,-1.610,0.120,10.051,-7.383,-2.748;511080,0.181,-1.717,0.359,3.920,4.381,-5.689
2026-05-28T09:33:07.392Z 511104,0.115,-1.680,0.517,12.103,17.969,-11.441;511124,0.058,-1.633,0.465,23.041,25.327,-16.001;511144,-0.007,-1.504,0.386,14.714,33.072,-20.003;511164,-0.044,-1.302,0.343,3.709,37.596,-22.182;511184,-0.036,-1.050,0.277,3.335,37.807,-20.799
2026-05-28T09:33:07.480Z 511208,-0.049,-0.877,0.201,3.870,36.604,-16.274;511228,-0.035,-0.723,0.140,10.183,35.325,-9.101;511248,0.002,-0.584,0.102,15.156,33.542,-2.102;511272,0.015,-0.492,0.079,16.352,31.284,3.492;511295,0.005,-0.450,0.062,11.080,28.194,6.428
2026-05-28T09:33:07.596Z 511315,-0.002,-0.425,0.023,4.657,25.576,6.665;511335,-0.009,-0.400,-0.005,0.754,23.717,6.062;511355,-0.035,-0.352,-0.048,-0.842,22.760,5.667;511375,-0.066,-0.304,-0.071,-1.348,21.625,5.850;511395,-0.119,-0.290,-0.126,0.649,18.849,5.582
2026-05-28T09:33:07.688Z 511415,-0.152,-0.423,-0.329,6.658,14.401,1.295;511435,0.384,-0.959,-0.382,7.234,-8.469,-26.343;511455,-0.217,-1.252,-0.687,31.152,-14.522,-31.818;511475,-0.444,-1.506,-0.062,3.399,-6.640,-23.839;511495,-0.418,-1.657,0.039,13.006,-10.314,-19.139
2026-05-28T09:33:07.871Z 511515,-0.418,-1.763,0.139,3.502,-22.893,-14.315;511535,-0.385,-1.788,0.342,4.743,-28.395,-5.650;511557,-0.292,-1.745,0.399,17.545,-25.765,5.963;511577,-0.210,-1.612,0.310,24.838,-21.790,17.825;511597,-0.176,-1.427,0.248,10.437,-20.637,26.523
2026-05-28T09:33:08.083Z 511621,-0.154,-1.236,0.228,1.968,-20.215,29.194;511641,-0.114,-1.051,0.192,5.024,-21.247,25.212;511661,-0.055,-0.883,0.118,13.902,-18.600,17.817;511681,-0.019,-0.702,0.046,22.849,-14.291,9.792;511701,-0.031,-0.564,0.014,25.244,-8.668,3.571
2026-05-28T09:33:08.092Z 511724,-0.055,-0.474,0.013,20.643,-6.324,-0.778;511744,-0.063,-0.414,0.005,9.590,-7.655,-3.394;511764,-0.062,-0.365,0.017,-3.759,-9.363,-3.894;511784,-0.072,-0.337,0.022,-12.067,-12.234,-0.351;511808,-0.068,-0.304,-0.009,-8.865,-15.792,2.144
2026-05-28T09:33:08.115Z 511828,-0.065,-0.262,-0.055,-2.912,-18.870,4.458;511848,-0.066,-0.225,-0.084,0.354,-20.132,6.569;511868,-0.043,-0.232,-0.207,-0.963,-21.626,9.744;511891,-0.102,-0.797,-0.551,8.282,-36.061,29.254;511911,-0.139,-1.277,-0.094,1.812,-43.378,32.570
2026-05-28T09:33:08.232Z 511931,0.078,-1.437,0.133,-6.883,-48.434,14.670;511955,0.195,-1.610,0.333,0.421,-35.108,10.832;511975,0.221,-1.749,0.385,-0.109,-19.030,5.853;511995,0.180,-1.751,0.639,-3.489,-0.529,-1.282;512015,0.076,-1.761,0.614,14.521,11.370,-8.603
2026-05-28T09:33:08.320Z 512037,-0.036,-1.656,0.588,12.800,24.157,-13.725;512057,-0.112,-1.501,0.526,6.229,31.703,-17.080;512081,-0.093,-1.288,0.448,0.305,33.549,-19.563;512101,-0.072,-1.060,0.324,1.459,31.309,-15.795;512121,-0.071,-0.850,0.254,4.646,29.872,-8.132
2026-05-28T09:33:08.406Z 512141,-0.056,-0.677,0.197,11.383,28.229,-0.925;512161,-0.035,-0.557,0.148,17.375,27.025,4.641;512181,-0.018,-0.474,0.100,15.520,24.162,9.156;512201,-0.000,-0.423,0.064,7.836,20.693,12.737;512221,0.004,-0.405,0.009,0.417,17.552,14.623
2026-05-28T09:33:08.500Z 512241,-0.004,-0.386,-0.029,-2.933,17.776,14.320;512261,-0.031,-0.342,-0.053,-2.346,19.760,13.127;512281,-0.049,-0.283,-0.067,-2.498,19.461,11.736;512301,-0.073,-0.311,-0.198,-1.391,16.688,8.863;512321,-0.019,-0.523,-0.382,-0.239,8.628,0.711
2026-05-28T09:33:08.621Z 512341,0.346,-0.989,0.007,-19.805,-12.433,-21.550;512361,-0.010,-1.308,-0.103,-10.142,-22.158,-21.968;512382,-0.123,-1.491,0.341,-16.393,-18.011,-10.892;512402,-0.111,-1.667,0.249,8.112,-14.531,-8.146;512422,-0.091,-1.766,0.358,-5.822,-26.286,-
2026-05-28T09:33:08.707Z 512442,-0.074,-1.813,0.501,0.838,-25.529,0.981;512463,-0.029,-1.766,0.485,12.824,-18.871,9.273;512483,0.019,-1.638,0.403,15.918,-11.096,16.736;512503,0.055,-1.454,0.302,11.864,-7.564,21.475;512523,0.039,-1.247,0.247,7.667,-6.878,22.748
2026-05-28T09:33:08.858Z 512543,0.028,-1.069,0.163,10.372,-10.433,19.388;512563,0.054,-0.871,0.102,11.819,-11.761,12.368;512583,0.075,-0.689,0.050,17.031,-8.166,4.043;512603,0.048,-0.550,0.046,19.256,-4.194,-2.608;512623,0.008,-0.459,0.035,14.481,-3.977,-6.552
2026-05-28T09:33:08.919Z 512643,-0.021,-0.398,0.043,5.379,-5.926,-9.154;512663,-0.029,-0.358,0.053,-4.446,-9.157,-10.980;512683,-0.019,-0.340,0.043,-12.056,-13.450,-11.715;512703,-0.015,-0.307,0.030,-11.611,-15.122,-12.955;512723,-0.021,-0.263,-0.010,-8.432,-15.482,-14
2026-05-28T09:33:09.011Z 512743,-0.022,-0.224,-0.056,-8.248,-14.862,-14.906;512763,0.032,-0.256,-0.204,-9.693,-18.740,-10.965;512783,0.086,-0.419,-0.351,-10.162,-22.218,-3.316;512803,-0.208,-0.887,-0.429,13.262,-30.394,21.961;512825,0.046,-1.334,-0.395,13.507,-32.069,2
2026-05-28T09:33:09.131Z 512845,0.339,-1.505,-0.097,0.384,-27.094,16.486;512865,0.381,-1.688,0.043,7.440,-15.724,11.638;512885,0.290,-1.820,0.218,10.261,-0.603,7.870;512905,0.197,-1.863,0.368,21.640,10.996,-0.128;512925,0.115,-1.846,0.350,26.899,14.153,-8.917
2026-05-28T09:33:09.221Z 512945,0.071,-1.743,0.321,11.072,16.928,-16.866;512965,0.038,-1.560,0.307,-3.726,20.596,-22.190;512988,0.033,-1.355,0.286,-12.799,25.389,-26.182;513008,0.039,-1.135,0.246,-11.849,30.022,-23.829;513028,-0.001,-0.939,0.130,-1.924,34.930,-16.487
2026-05-28T09:33:09.363Z 513048,-0.017,-0.750,0.075,8.408,39.167,-5.737;513068,-0.011,-0.615,0.057,21.338,39.416,3.738;513088,0.019,-0.531,0.071,22.055,36.745,8.883;513108,0.034,-0.477,0.059,9.866,33.916,11.177;513128,0.039,-0.434,0.023,-3.460,30.019,12.175
2026-05-28T09:33:09.447Z 513148,0.037,-0.400,-0.013,-9.808,27.914,11.750;513168,0.025,-0.372,-0.062,-9.069,28.717,9.781;513188,-0.000,-0.320,-0.094,-7.297,30.461,7.637;513212,-0.019,-0.260,-0.070,-6.285,30.579,5.657;513232,-0.047,-0.318,-0.178,-3.081,27.412,1.819
2026-05-28T09:33:09.515Z 513252,0.368,-0.641,-0.093,-9.064,31.283,-32.570;513272,0.167,-0.924,-0.203,26.582,22.681,-53.618;513292,-0.390,-1.275,0.420,-11.939,10.371,-35.604;513315,-0.392,-1.507,0.238,23.644,11.736,-28.109;513335,-0.400,-1.660,0.289,11.208,-9.205,-23.56
2026-05-28T09:33:09.664Z 513357,-0.390,-1.727,0.472,-7.163,-29.559,-17.657;513377,-0.315,-1.761,0.621,-2.354,-36.779,-8.151;513397,-0.201,-1.681,0.523,4.426,-30.832,6.988;513417,-0.096,-1.506,0.373,-2.362,-25.805,19.192;513437,-0.027,-1.338,0.307,-17.911,-24.287,26.375
2026-05-28T09:33:09.726Z 513460,0.006,-1.156,0.236,-20.827,-22.640,25.936;513480,0.001,-1.002,0.172,-12.054,-20.434,17.006;513500,-0.017,-0.807,0.092,-2.235,-19.099,8.268;513520,-0.021,-0.621,0.010,4.628,-17.122,3.136;513543,-0.047,-0.519,-0.004,4.355,-15.589,-0.188
2026-05-28T09:33:09.876Z 513566,-0.055,-0.451,0.008,-1.544,-15.869,-1.862;513586,-0.043,-0.402,0.005,-8.088,-15.448,-2.471;513606,-0.017,-0.370,-0.010,-11.397,-12.874,-1.786;513626,0.015,-0.338,-0.015,-10.676,-9.826,-1.658;513646,0.038,-0.299,-0.040,-5.266,-6.777,-2.78
2026-05-28T09:33:09.963Z 513666,0.041,-0.274,-0.096,-1.867,-4.195,-4.407;513689,0.063,-0.270,-0.188,-0.681,-13.170,-0.092;513709,-0.022,-0.451,-0.347,-0.405,-14.655,5.154;513731,-0.333,-0.871,-0.315,8.106,-22.958,16.659;513751,-0.003,-1.340,-0.227,-2.741,-32.387,13.695
2026-05-28T09:33:10.086Z 513771,0.143,-1.520,0.169,-29.191,-36.849,8.008;513791,0.147,-1.719,0.246,-6.704,-26.844,7.401;513815,0.131,-1.831,0.368,0.683,-13.919,1.454;513835,0.088,-1.864,0.456,14.250,-7.281,-7.084;513855,0.052,-1.756,0.406,12.378,-0.238,-15.539
2026-05-28T09:33:10.150Z 513875,0.009,-1.606,0.397,3.087,8.138,-23.029;513898,-0.047,-1.406,0.390,-3.263,12.576,-27.332;513918,-0.087,-1.210,0.310,-7.058,13.207,-25.604;513938,-0.123,-1.022,0.232,-6.247,16.609,-19.476;513958,-0.119,-0.838,0.173,3.772,21.946,-8.930
2026-05-28T09:33:10.264Z 513978,-0.080,-0.659,0.130,17.287,25.419,1.093;513998,-0.028,-0.513,0.094,30.707,26.285,7.644;514018,0.017,-0.408,0.077,32.336,25.116,10.872;514038,0.041,-0.359,0.056,19.209,21.001,12.110;514058,0.052,-0.347,0.032,0.388,15.306,11.552
2026-05-28T09:33:10.352Z 514078,0.049,-0.342,0.012,-11.370,12.744,10.040;514098,0.039,-0.328,-0.012,-11.432,14.962,8.023;514118,0.023,-0.291,-0.048,-6.906,19.602,7.019;514138,-0.005,-0.234,-0.058,-4.625,26.266,6.798;514158,-0.017,-0.226,-0.048,-4.215,28.368,7.339
2026-05-28T09:33:10.443Z 514178,-0.064,-0.365,-0.183,-3.482,23.848,4.402;514198,0.438,-0.910,-0.652,12.934,21.635,-12.278;514218,0.276,-1.116,-0.334,-0.917,3.503,-30.038;514242,-0.071,-1.546,0.255,-49.321,-13.136,-6.880;514262,-0.050,-1.744,0.190,-29.380,-25.759,-3.216
2026-05-28T09:33:10.563Z 514282,-0.022,-1.882,0.298,-41.746,-50.652,0.034;514302,-0.026,-1.932,0.487,-39.887,-66.089,4.778;514322,-0.005,-1.908,0.631,-26.525,-69.524,8.661;514342,0.055,-1.825,0.555,-11.945,-69.688,13.153;514362,0.150,-1.656,0.466,-17.312,-67.584,17.484
2026-05-28T09:33:10.654Z 514382,0.210,-1.487,0.386,-29.181,-64.634,19.773;514402,0.221,-1.313,0.341,-36.678,-57.319,16.669;514422,0.193,-1.122,0.285,-26.580,-53.463,10.776;514442,0.164,-0.932,0.195,-11.259,-48.255,3.358;514462,0.140,-0.745,0.087,3.595,-42.298,-2.956
2026-05-28T09:33:10.743Z 514482,0.125,-0.594,0.032,10.819,-36.127,-7.813;514502,0.101,-0.488,0.036,6.935,-34.737,-9.403;514524,0.081,-0.421,0.052,-4.039,-35.266,-10.224;514544,0.078,-0.383,0.037,-15.728,-36.541,-11.317;514564,0.082,-0.354,0.011,-22.048,-34.694,-13.961
2026-05-28T09:33:10.863Z 514584,0.065,-0.311,-0.007,-23.154,-30.973,-17.234;514604,0.029,-0.274,-0.022,-19.617,-26.373,-20.286;514624,0.002,-0.251,-0.063,-15.795,-20.760,-22.525;514644,0.055,-0.336,-0.292,-17.592,-28.458,-15.978;514664,-0.135,-0.884,-0.602,7.825,-37.27
2026-05-28T09:33:10.952Z 514684,-0.527,-1.351,-0.059,-0.215,-45.268,18.953;514704,-0.221,-1.639,0.050,-23.162,-50.874,6.246;514724,-0.058,-1.829,0.330,-27.131,-40.963,8.320;514744,-0.039,-2.020,0.393,-9.942,-25.197,12.436;514764,0.002,-2.049,0.490,4.238,-11.447,9.789
2026-05-28T09:33:11.074Z 514784,-0.086,-1.990,0.600,15.111,-7.414,1.319;514804,-0.148,-1.944,0.504,19.280,-18.982,-8.100;514827,-0.168,-1.821,0.454,1.410,-32.541,-14.576;514847,-0.157,-1.665,0.440,-15.821,-43.105,-16.535;514867,-0.110,-1.471,0.422,-16.670,-44.064,-16.2
2026-05-28T09:33:11.204Z 514887,-0.028,-1.257,0.309,-14.893,-41.995,-11.340;514907,0.021,-1.045,0.189,-8.677,-35.916,-3.434;514927,0.027,-0.817,0.135,2.485,-27.086,7.621;514947,0.005,-0.659,0.108,19.562,-22.410,15.425;514967,-0.005,-0.560,0.091,29.912,-20.806,19.637
2026-05-28T09:33:11.252Z 514987,0.012,-0.461,0.114,19.978,-23.059,20.484;515007,0.025,-0.429,0.098,-4.369,-28.627,19.756;515027,0.021,-0.404,0.025,-23.699,-36.876,21.342;515047,-0.002,-0.370,-0.008,-30.197,-39.529,23.425;515067,-0.020,-0.314,-0.039,-20.440,-36.356,26.3
2026-05-28T09:33:11.344Z 515087,-0.027,-0.261,-0.067,-11.899,-33.237,28.528;515107,-0.054,-0.206,-0.064,-8.832,-31.529,28.045;515127,-0.057,-0.207,-0.139,-7.855,-35.909,24.786;515147,0.016,-0.307,-0.235,-15.237,-44.045,19.674;515170,0.402,-0.861,-0.368,-3.751,-54.412,-
2026-05-28T09:33:11.471Z 515190,0.239,-1.080,-0.272,-13.588,-59.901,-4.346;515210,0.079,-1.350,0.294,-24.029,-53.159,8.315;515233,0.118,-1.573,0.337,-2.215,-58.781,12.781;515253,0.145,-1.721,0.474,-11.065,-73.538,17.549;515273,0.128,-1.813,0.746,-16.492,-79.820,21.817
2026-05-28T09:33:11.553Z 515293,0.123,-1.811,0.871,-6.712,-79.529,25.810;515313,0.169,-1.725,0.819,-2.647,-79.035,30.395;515333,0.242,-1.605,0.731,-3.862,-78.102,30.534;515353,0.271,-1.449,0.633,-8.840,-74.864,27.921;515373,0.273,-1.258,0.509,-2.808,-68.753,22.727
2026-05-28T09:33:11.645Z 515393,0.290,-1.058,0.368,6.778,-59.904,14.949;515413,0.309,-0.865,0.244,17.928,-49.436,4.890;515433,0.274,-0.657,0.141,29.750,-37.745,-2.579;515453,0.213,-0.533,0.079,27.009,-35.104,-5.079;515473,0.129,-0.437,0.069,16.421,-38.362,-5.029
2026-05-28T09:33:11.762Z 515493,0.053,-0.388,0.059,4.097,-45.608,-2.980;515513,0.015,-0.374,0.058,-6.167,-51.612,-0.304;515535,0.026,-0.375,0.078,-9.142,-54.994,1.809;515555,0.070,-0.364,0.062,-2.433,-55.406,1.688;515575,0.098,-0.308,0.024,5.943,-52.533,-1.485
2026-05-28T09:33:11.855Z 515595,0.099,-0.237,-0.004,11.231,-48.681,-4.322;515616,0.134,-0.236,-0.133,11.405,-46.543,-3.344;515636,0.206,-0.409,-0.365,10.921,-56.947,15.408;515656,-0.186,-0.877,-0.339,18.347,-60.206,27.869;515680,-0.014,-1.345,-0.192,11.127,-68.177,25.8
2026-05-28T09:33:12.000Z 515700,0.213,-1.524,0.170,-10.015,-71.939,21.354;515720,0.319,-1.733,0.334,-2.471,-65.287,15.989;515740,0.364,-1.880,0.416,6.506,-52.207,10.584;515760,0.295,-1.880,0.653,15.857,-39.606,0.011;515780,0.183,-1.876,0.567,31.130,-37.922,-9.119
2026-05-28T09:33:12.071Z 515804,0.099,-1.766,0.507,18.761,-36.830,-16.212;515824,0.051,-1.602,0.452,-0.579,-37.000,-20.242;515844,0.066,-1.396,0.391,-12.815,-32.686,-19.402;515864,0.103,-1.167,0.301,-15.553,-22.757,-17.864;515884,0.101,-0.989,0.195,-4.595,-7.908,-10.79
2026-05-28T09:33:12.191Z 515904,0.060,-0.823,0.119,10.440,4.328,-2.345;515925,0.045,-0.675,0.096,22.589,10.628,6.074;515946,0.073,-0.561,0.083,26.662,12.970,10.709;515966,0.085,-0.480,0.081,22.809,14.751,12.529;515986,0.065,-0.443,0.065,10.168,12.172,12.051
2026-05-28T09:33:12.273Z 516006,0.028,-0.403,0.052,3.397,8.552,10.647;516030,-0.001,-0.364,0.022,2.457,6.015,10.289;516050,-0.018,-0.330,-0.044,3.636,4.499,10.750;516071,-0.035,-0.288,-0.100,3.530,3.980,11.039;516091,-0.051,-0.256,-0.130,3.101,2.806,11.237
2026-05-28T09:33:12.490Z 516114,-0.073,-0.272,-0.239,7.790,0.627,7.592;516134,0.005,-0.328,-0.295,11.218,-5.830,1.401;516154,0.161,-0.821,-0.102,-0.545,-21.261,-18.367;516174,-0.211,-1.157,0.497,-47.704,-36.831,-8.714;516194,-0.177,-1.381,0.726,-13.174,-30.565,-4.075
2026-05-28T09:33:12.496Z 516214,-0.122,-1.537,0.699,4.567,-32.114,-0.306;516234,-0.109,-1.648,0.738,-17.221,-39.684,2.933;516254,-0.095,-1.671,0.922,-30.998,-39.527,9.068;516278,-0.072,-1.619,0.900,-18.402,-34.797,17.005;516298,-0.025,-1.516,0.770,-16.960,-31.683,25.26
2026-05-28T09:33:12.597Z 516318,0.003,-1.363,0.691,-21.978,-26.116,25.637;516338,0.040,-1.201,0.632,-17.894,-24.625,22.187;516358,0.096,-1.014,0.462,9.564,-26.937,13.701;516378,0.124,-0.797,0.266,25.158,-19.051,6.296;516398,0.110,-0.600,0.184,39.192,-6.599,-1.130
2026-05-28T09:33:12.692Z 516418,0.063,-0.460,0.140,51.843,3.675,-7.483;516438,0.008,-0.355,0.128,47.619,3.902,-11.972;516458,-0.038,-0.310,0.112,20.508,0.103,-15.298;516478,-0.058,-0.298,0.080,-8.926,-11.311,-13.196;516498,-0.061,-0.280,0.064,-29.138,-20.857,-10.015
2026-05-28T09:33:12.782Z 516518,-0.030,-0.268,0.063,-28.494,-20.969,-7.021;516541,-0.007,-0.262,-0.011,-13.426,-14.958,-5.574;516561,0.041,-0.327,-0.160,-1.634,-10.481,-3.409;516581,-0.122,-0.710,-0.519,9.588,-32.740,18.537;516601,0.023,-1.085,-0.351,10.439,-46.533,24.
2026-05-28T09:33:12.872Z 516621,0.309,-1.311,-0.183,-30.513,-54.229,13.752;516641,0.369,-1.513,0.063,-30.642,-49.912,8.312;516661,0.345,-1.739,0.205,-24.947,-30.322,2.940;516681,0.346,-1.787,0.488,-14.641,-8.992,-4.192;516701,0.300,-1.830,0.552,-0.442,3.865,-10.281
2026-05-28T09:33:13.021Z 516721,0.262,-1.771,0.524,6.573,16.816,-18.265;516741,0.220,-1.657,0.484,4.196,26.654,-25.794;516761,0.184,-1.528,0.449,-6.010,31.591,-30.500;516781,0.131,-1.357,0.416,-14.163,33.518,-34.444;516801,0.070,-1.155,0.388,-14.181,34.624,-36.218
2026-05-28T09:33:13.112Z 516825,0.008,-0.968,0.321,-8.383,33.843,-31.432;516845,-0.026,-0.808,0.242,-0.744,36.118,-23.331;516865,-0.017,-0.675,0.156,7.177,35.388,-13.391;516885,0.024,-0.570,0.085,14.725,34.328,-6.489;516905,0.048,-0.491,0.036,16.370,33.637,-4.048
2026-05-28T09:33:13.202Z 516927,0.027,-0.443,0.005,12.212,30.615,-3.295;516947,0.001,-0.404,-0.032,7.267,27.579,-4.317;516967,-0.015,-0.365,-0.092,4.584,26.326,-7.291;516990,-0.027,-0.302,-0.116,2.230,28.008,-9.559;517010,-0.042,-0.237,-0.110,3.397,29.996,-9.032
2026-05-28T09:33:13.292Z 517030,-0.080,-0.308,-0.252,5.900,27.263,-9.831;517054,0.261,-0.718,-0.210,-5.102,18.431,-17.609;517074,0.142,-1.176,-0.179,12.170,12.435,-26.350;517094,-0.322,-1.518,0.013,-0.037,0.545,-15.546;517114,-0.293,-1.734,0.010,24.797,2.889,-14.977
2026-05-28T09:33:13.412Z 517136,-0.287,-1.846,0.087,22.707,-6.553,-11.965;517156,-0.261,-1.877,0.260,5.861,-19.092,-7.400;517176,-0.217,-1.878,0.391,5.925,-17.758,-0.113;517196,-0.185,-1.789,0.352,8.140,-12.604,9.986;517216,-0.123,-1.646,0.301,1.252,-7.783,19.778
2026-05-28T09:33:13.502Z 517236,-0.060,-1.478,0.247,-8.549,-7.184,25.030;517256,-0.032,-1.275,0.202,-13.739,-8.843,25.239;517276,-0.024,-1.094,0.151,-5.435,-11.719,17.927;517296,-0.013,-0.913,0.077,5.570,-13.147,9.251;517316,0.002,-0.727,0.024,16.509,-11.953,0.301
2026-05-28T09:33:13.591Z 517336,-0.007,-0.573,0.010,19.608,-8.952,-4.723;517356,-0.034,-0.487,-0.004,15.202,-8.277,-7.316;517376,-0.042,-0.422,-0.004,5.075,-9.251,-9.965;517396,-0.030,-0.388,-0.009,-7.011,-10.647,-11.989;517416,0.014,-0.366,-0.013,-15.920,-10.670,-12.5
2026-05-28T09:33:13.711Z 517440,0.033,-0.345,-0.018,-14.091,-8.182,-12.520;517460,0.029,-0.320,-0.058,-5.843,-4.299,-12.929;517480,0.012,-0.278,-0.106,0.600,0.392,-13.456;517500,0.026,-0.313,-0.292,7.120,7.612,-11.352;517520,-0.395,-0.591,-0.049,19.867,5.188,20.205
2026-05-28T09:33:13.831Z 517540,-0.790,-1.016,0.551,19.258,-22.287,33.027;517560,-0.387,-1.327,0.313,14.978,-39.452,16.073;517580,-0.095,-1.572,0.459,10.150,-35.905,11.772;517600,-0.064,-1.771,0.600,11.108,-26.610,11.320;517620,0.005,-1.897,0.640,14.075,-10.149,5.868
2026-05-28T09:33:13.931Z 517642,0.026,-1.870,0.741,18.400,1.288,-2.226;517662,0.004,-1.822,0.647,23.440,6.872,-9.025;517682,-0.032,-1.709,0.602,16.884,14.456,-15.541;517704,-0.072,-1.542,0.545,0.600,15.648,-20.966;517724,-0.107,-1.379,0.497,-13.534,15.599,-24.346
2026-05-28T09:33:14.014Z 517744,-0.134,-1.184,0.421,-13.847,18.047,-22.899;517764,-0.142,-0.983,0.324,-6.424,22.197,-16.851;517788,-0.126,-0.786,0.229,5.654,28.508,-6.981;517808,-0.103,-0.637,0.152,17.001,29.176,2.725;517828,-0.063,-0.536,0.085,21.400,29.203,9.374
2026-05-28T09:33:14.164Z 517848,-0.027,-0.470,0.055,14.161,27.011,13.576;517871,-0.025,-0.432,0.031,4.200,22.959,14.325;517891,-0.031,-0.414,0.012,-1.401,20.513,12.798;517911,-0.030,-0.394,-0.030,-2.363,22.536,8.975;517931,-0.029,-0.331,-0.049,-1.679,26.654,5.665
2026-05-28T09:33:14.225Z 517951,-0.043,-0.278,-0.069,0.651,29.513,4.264;517971,-0.095,-0.301,-0.135,5.369,29.187,2.680;517991,-0.019,-0.540,-0.250,4.784,18.968,-0.460;518011,0.229,-1.029,-0.119,8.168,9.357,-21.781;518031,-0.137,-1.371,0.148,-10.617,-2.026,-18.544
2026-05-28T09:33:14.320Z 518051,-0.228,-1.632,0.167,11.895,-1.557,-15.424;518071,-0.221,-1.737,0.265,10.587,-10.772,-9.648;518091,-0.195,-1.781,0.381,1.684,-22.788,-3.345;518113,-0.140,-1.737,0.498,0.919,-29.001,2.992;518133,-0.063,-1.667,0.441,7.006,-31.398,8.989
2026-05-28T09:33:14.442Z 518155,0.034,-1.480,0.330,5.086,-25.206,13.805;518175,0.075,-1.292,0.251,0.551,-17.424,15.281;518195,0.095,-1.087,0.183,9.724,-9.921,10.354;518215,0.098,-0.872,0.096,23.738,-3.874,3.922;518235,0.089,-0.673,-0.017,35.375,1.935,-1.896
2026-05-28T09:33:14.531Z 518255,0.065,-0.496,-0.049,42.904,12.100,-6.413;518275,0.021,-0.373,-0.023,41.358,16.868,-7.861;518295,-0.044,-0.317,0.016,24.635,14.365,-9.428;518315,-0.081,-0.328,0.036,2.647,7.651,-12.159;518335,-0.089,-0.323,0.043,-18.249,-6.131,-13.492
2026-05-28T09:33:14.618Z 518358,-0.066,-0.318,0.053,-31.991,-18.551,-13.305;518378,-0.042,-0.292,0.042,-21.681,-19.256,-12.733;518398,-0.026,-0.259,0.006,-9.813,-15.718,-11.114;518418,0.031,-0.298,-0.187,2.416,-9.432,-7.292;518438,-0.206,-0.615,-0.008,-0.391,-10.966,23
2026-05-28T09:33:14.767Z 518461,-0.204,-0.916,0.164,4.584,-25.031,29.728;518481,0.164,-1.292,0.056,1.351,-31.466,18.463;518501,0.232,-1.543,0.211,6.376,-25.602,15.637;518525,0.252,-1.690,0.269,16.296,-8.477,12.168;518545,0.253,-1.818,0.339,18.878,6.729,6.255
2026-05-28T09:33:14.829Z 518565,0.250,-1.779,0.604,13.602,19.333,-3.616;518585,0.223,-1.753,0.559,13.017,22.439,-15.031;518605,0.161,-1.651,0.507,-0.196,24.978,-24.960;518625,0.087,-1.513,0.482,-14.403,28.730,-31.721;518645,0.023,-1.340,0.440,-19.878,32.916,-33.741
2026-05-28T09:33:14.974Z 518666,-0.015,-1.125,0.357,-17.153,37.226,-34.703;518690,-0.043,-0.894,0.227,-5.827,42.436,-26.401;518710,-0.071,-0.746,0.156,3.854,43.981,-13.763;518730,-0.066,-0.618,0.106,10.490,41.522,-2.638;518750,-0.032,-0.524,0.079,10.629,36.383,5.847
2026-05-28T09:33:15.036Z 518770,0.005,-0.455,0.068,6.727,30.706,9.184;518793,0.022,-0.405,0.062,-0.370,25.688,9.800;518813,0.014,-0.373,0.034,-4.865,22.421,9.163;518833,-0.003,-0.343,0.006,-6.103,21.301,7.680;518855,-0.025,-0.299,-0.018,-6.177,21.401,6.413
2026-05-28T09:33:15.192Z 518875,-0.053,-0.265,-0.028,-6.120,21.496,5.778;518895,-0.087,-0.317,-0.119,-4.698,17.869,4.469;518915,-0.024,-0.588,-0.328,1.115,19.226,-12.426;518935,0.170,-0.832,-0.037,-15.770,4.083,-28.131;518955,-0.176,-1.117,-0.272,23.510,6.968,-26.630
2026-05-28T09:33:15.305Z 518975,-0.452,-1.440,0.214,-3.701,-2.335,-20.042;518995,-0.353,-1.714,0.228,5.615,-9.337,-20.577;519015,-0.331,-1.857,0.365,-1.251,-21.532,-18.278;519035,-0.287,-1.914,0.535,-2.446,-28.968,-13.913;519055,-0.259,-1.904,0.559,10.674,-24.595,-4.24
2026-05-28T09:33:15.390Z 519075,-0.226,-1.822,0.474,17.221,-17.592,8.206;519095,-0.170,-1.649,0.376,2.498,-14.687,17.688;519115,-0.117,-1.461,0.321,-16.709,-12.722,23.309;519135,-0.080,-1.238,0.300,-17.251,-14.595,22.296;519155,-0.041,-1.050,0.222,-5.380,-17.524,17.698
2026-05-28T09:33:15.456Z 519175,-0.018,-0.862,0.115,12.538,-16.159,9.570;519198,-0.019,-0.671,0.040,23.246,-12.023,1.910;519218,-0.042,-0.529,-0.002,25.655,-8.516,-2.593;519238,-0.082,-0.463,0.005,12.853,-10.150,-3.832;519258,-0.104,-0.426,0.009,-3.083,-15.064,-4.144
2026-05-28T09:33:15.554Z 519278,-0.101,-0.384,0.031,-15.584,-19.515,-4.141;519298,-0.072,-0.365,0.012,-14.986,-21.880,-3.273;519318,-0.028,-0.334,-0.007,-8.609,-21.518,-2.837;519340,-0.002,-0.287,-0.070,-1.641,-19.645,-2.168;519360,-0.028,-0.219,-0.084,2.688,-13.861,-2
2026-05-28T09:33:15.637Z 519380,-0.040,-0.293,-0.232,3.640,-10.948,1.740;519400,-0.281,-0.777,-0.514,9.402,-33.503,34.696;519420,-0.388,-1.144,0.037,21.285,-51.320,38.546;519440,-0.041,-1.400,-0.256,36.632,-52.970,18.534;519461,0.112,-1.551,-0.115,29.910,-42.131,12.395
2026-05-28T09:33:15.758Z 519481,0.087,-1.709,-0.023,31.256,-26.290,13.759;519501,0.124,-1.806,0.115,28.554,-12.514,11.300;519523,0.140,-1.848,0.306,22.925,-3.606,4.068;519543,0.117,-1.838,0.355,21.894,-1.728,-5.073;519563,0.082,-1.789,0.328,14.179,-3.968,-14.493
2026-05-28T09:33:15.851Z 519583,0.044,-1.665,0.320,-3.723,-5.241,-22.144;519603,0.011,-1.529,0.278,-16.284,-5.178,-27.159;519623,-0.015,-1.358,0.226,-24.544,-3.165,-29.093;519643,-0.032,-1.156,0.146,-26.117,-1.491,-27.665;519663,-0.045,-0.963,0.110,-24.479,1.736,-20.12
2026-05-28T09:33:16.024Z 519685,-0.031,-0.818,0.094,-16.587,5.073,-11.199;519705,0.011,-0.695,0.045,-6.207,9.952,-3.592;519725,0.048,-0.593,0.017,3.110,14.218,-0.268;519745,0.046,-0.515,0.017,8.256,18.228,0.653;519765,0.006,-0.460,0.011,4.628,21.015,-0.573
2026-05-28T09:33:16.055Z 519785,-0.030,-0.412,0.001,0.427,22.962,-1.853;519805,-0.046,-0.361,-0.032,-2.228,23.876,-2.707;519828,-0.043,-0.306,-0.071,-2.159,26.053,-3.106;519848,-0.017,-0.240,-0.073,-3.080,28.343,-3.276;519868,0.008,-0.231,-0.145,-2.197,27.479,-5.265
2026-05-28T09:33:16.172Z 519888,0.126,-0.437,-0.232,-6.390,24.282,-12.998;519908,0.322,-0.746,-0.112,-9.845,14.963,-31.558;519928,0.079,-1.191,-0.331,20.197,9.771,-30.397;519948,-0.130,-1.487,0.280,-16.259,-6.792,-15.037;519972,-0.069,-1.657,0.275,-7.677,-21.209,-13.42
2026-05-28T09:33:16.293Z 519992,-0.070,-1.766,0.366,-20.569,-41.273,-9.559;520012,-0.067,-1.797,0.575,-26.676,-55.754,-2.195;520032,-0.059,-1.774,0.597,-9.702,-53.901,7.050;520052,-0.040,-1.691,0.548,-1.819,-50.576,17.252;520072,-0.009,-1.556,0.505,-7.992,-49.985,24.86
2026-05-28T09:33:16.358Z 520092,0.034,-1.386,0.421,-16.855,-50.250,27.702;520113,0.061,-1.211,0.370,-17.924,-49.946,26.260;520133,0.061,-1.019,0.275,-5.485,-48.872,21.346;520153,0.040,-0.832,0.182,6.360,-46.778,13.968;520173,0.033,-0.643,0.112,15.614,-41.015,6.838
2026-05-28T09:33:16.534Z 520194,0.050,-0.497,0.081,19.113,-36.639,0.493;520214,0.052,-0.413,0.060,14.461,-34.412,-3.090;520234,0.053,-0.376,0.062,-4.014,-35.164,-3.822;520254,0.068,-0.371,0.068,-19.497,-36.042,-2.841;520274,0.080,-0.350,0.060,-18.532,-30.993,-3.649
2026-05-28T09:33:16.562Z 520294,0.076,-0.313,0.035,-9.179,-22.856,-4.894;520314,0.069,-0.268,0.017,-2.748,-14.502,-5.683;520334,0.129,-0.290,-0.091,2.333,-8.857,-4.762;520354,-0.060,-0.814,-0.190,7.147,-16.372,17.257;520374,-0.385,-1.291,0.062,17.940,-22.596,22.968
2026-05-28T09:33:16.653Z 520397,-0.162,-1.487,0.010,22.839,-24.635,8.545;520417,0.062,-1.665,0.193,11.585,-24.044,10.269;520437,0.098,-1.842,0.298,19.405,-14.678,13.046;520457,0.070,-1.894,0.359,32.397,-5.647,11.876;520477,-0.006,-1.913,0.372,39.321,-6.521,6.227
2026-05-28T09:33:16.775Z 520497,-0.034,-1.897,0.410,36.279,-25.904,-6.088;520517,-0.021,-1.850,0.390,18.011,-46.738,-16.912;520540,-0.015,-1.735,0.398,3.352,-60.500,-22.656;520560,-0.024,-1.565,0.335,0.496,-61.350,-22.178;520580,-0.049,-1.394,0.254,-2.920,-57.384,-19.0
2026-05-28T09:33:16.867Z 520600,-0.047,-1.165,0.197,0.347,-52.027,-11.934;520620,0.006,-0.947,0.129,5.596,-50.283,-0.329;520640,0.065,-0.780,0.088,12.969,-45.286,10.515;520663,0.084,-0.636,0.072,21.671,-39.189,15.936;520683,0.072,-0.530,0.061,28.217,-36.552,16.089
2026-05-28T09:33:16.990Z 520703,0.051,-0.450,0.058,17.044,-37.047,13.691;520723,0.046,-0.399,0.033,-3.850,-40.957,15.242;520745,0.028,-0.356,0.010,-12.968,-43.767,17.896;520765,-0.013,-0.320,-0.018,-10.107,-42.375,18.780;520785,-0.067,-0.286,-0.056,-6.138,-41.301,19.13
2026-05-28T09:33:17.100Z 520805,-0.118,-0.233,-0.064,-5.675,-40.324,19.475;520825,-0.086,-0.256,-0.134,-6.545,-50.893,20.928;520845,-0.013,-0.393,-0.184,-14.901,-61.697,20.648;520865,0.305,-0.934,-0.231,-9.306,-66.872,-6.994;520885,0.248,-1.088,-0.185,-5.502,-68.669,-1
2026-05-28T09:33:17.170Z 520905,0.029,-1.364,0.223,-29.158,-61.024,-0.728;520925,-0.009,-1.564,0.287,-13.286,-61.941,4.065;520945,0.049,-1.692,0.395,-14.405,-68.104,6.853;520965,0.068,-1.765,0.577,-20.420,-72.885,10.823;520985,0.081,-1.744,0.683,-9.887,-69.981,15.345
2026-05-28T09:33:17.313Z 521005,0.112,-1.685,0.705,4.276,-68.731,19.137;521025,0.182,-1.559,0.559,8.524,-63.576,21.279;521045,0.212,-1.367,0.457,0.333,-55.696,18.378;521065,0.205,-1.153,0.385,0.521,-49.393,12.219;521085,0.195,-0.946,0.323,10.981,-45.820,5.159
2026-05-28T09:33:17.378Z 521105,0.182,-0.753,0.199,24.064,-44.504,-1.482;521125,0.155,-0.584,0.098,27.101,-40.731,-6.956;521145,0.116,-0.461,0.043,24.675,-39.794,-9.377;521165,0.065,-0.377,0.072,10.784,-43.841,-9.491;521185,0.036,-0.351,0.076,-5.711,-50.402,-7.090
2026-05-28T09:33:17.469Z 521205,0.021,-0.346,0.079,-20.427,-55.833,-4.701;521225,0.030,-0.332,0.056,-17.208,-55.689,-3.665;521245,0.025,-0.278,0.032,-8.447,-52.591,-3.178;521265,0.015,-0.226,0.018,-0.441,-48.300,-3.399;521285,0.041,-0.217,-0.046,4.331,-43.573,-2.990
2026-05-28T09:33:17.589Z 521305,0.238,-0.305,-0.319,4.587,-59.467,6.718;521325,-0.114,-0.859,-0.077,8.129,-55.189,28.027;521345,-0.156,-1.122,-0.113,18.601,-53.933,19.925;521365,0.152,-1.387,0.059,4.504,-59.182,18.105;521385,0.231,-1.569,0.167,0.020,-54.626,20.232
2026-05-28T09:33:17.674Z 521405,0.287,-1.716,0.268,4.128,-44.867,21.530;521425,0.297,-1.804,0.410,12.755,-31.893,17.055;521445,0.237,-1.842,0.439,22.982,-26.450,5.911;521465,0.212,-1.783,0.405,15.387,-31.418,-8.343;521485,0.196,-1.690,0.373,-0.635,-34.872,-18.711
2026-05-28T09:33:17.764Z 521505,0.180,-1.559,0.361,-14.886,-29.568,-24.923;521525,0.171,-1.376,0.348,-21.909,-21.040,-28.650;521545,0.159,-1.172,0.295,-21.901,-12.528,-29.811;521565,0.146,-0.968,0.209,-15.082,-3.526,-23.152;521585,0.111,-0.788,0.129,-5.825,4.702,-13.25
2026-05-28T09:33:17.894Z 521605,0.070,-0.652,0.061,5.193,11.120,-1.744;521628,0.062,-0.561,0.021,11.876,13.379,8.292;521648,0.087,-0.491,-0.011,12.603,11.455,14.257;521668,0.121,-0.435,-0.045,6.757,9.105,18.009;521688,0.126,-0.381,-0.079,3.080,8.179,19.420
2026-05-28T09:33:18.002Z 521708,0.094,-0.320,-0.091,1.015,8.682,18.106;521731,0.045,-0.265,-0.090,-0.821,9.476,15.144;521751,-0.011,-0.219,-0.080,-2.154,10.014,11.447;521771,-0.025,-0.305,-0.195,-4.019,5.564,7.194;521791,0.206,-0.754,-0.499,9.887,-0.306,-4.140
2026-05-28T09:33:18.098Z 521811,0.097,-1.088,-0.410,24.132,-8.546,-15.184;521834,-0.316,-1.428,-0.105,7.100,-17.243,-3.783;521854,-0.262,-1.682,0.196,27.724,-17.458,-7.536;521874,-0.193,-1.814,0.288,19.244,-29.726,-8.647;521894,-0.174,-1.900,0.424,6.030,-35.823,-6.137
2026-05-28T09:33:18.193Z 521914,-0.109,-1.835,0.628,9.648,-32.683,0.314;521934,-0.032,-1.769,0.496,22.392,-28.532,9.500;521958,0.032,-1.589,0.382,9.713,-23.199,16.469;521978,0.060,-1.377,0.312,-2.648,-20.177,17.972;521998,0.065,-1.176,0.254,-3.212,-18.139,14.764
2026-05-28T09:33:18.281Z 522018,0.080,-0.998,0.186,0.419,-16.901,7.302;522038,0.080,-0.787,0.086,9.988,-11.162,-4.131;522058,0.054,-0.577,0.016,16.491,-2.411,-13.400;522078,0.001,-0.435,-0.010,17.835,2.437,-16.541;522098,-0.038,-0.351,-0.009,6.206,2.447,-16.416
2026-05-28T09:33:18.396Z 522118,-0.059,-0.306,-0.001,-8.925,0.395,-14.424;522140,-0.059,-0.292,0.028,-22.399,-2.969,-10.756;522160,-0.054,-0.287,0.029,-27.032,-6.204,-7.211;522180,-0.048,-0.287,0.016,-22.181,-7.086,-4.783;522200,-0.035,-0.258,-0.027,-15.146,-7.973,-3.2
2026-05-28T09:33:18.497Z 522220,-0.008,-0.201,-0.040,-11.830,-9.332,-1.490;522243,0.089,-0.249,-0.188,-11.127,-15.101,4.335;522263,-0.084,-0.811,-0.544,1.758,-22.677,35.544;522283,-0.525,-1.267,-0.246,7.060,-41.688,46.020;522303,-0.141,-1.398,-0.160,-28.377,-51.218,31.
2026-05-28T09:33:18.607Z 522323,0.078,-1.491,0.008,-41.854,-54.842,24.516;522343,0.102,-1.718,0.240,-33.727,-47.367,19.937;522363,0.150,-1.849,0.452,-22.753,-35.071,12.752;522383,0.162,-1.810,0.706,-3.731,-29.371,-0.189;522403,0.177,-1.782,0.551,4.675,-29.213,-10.564
2026-05-28T09:33:18.694Z 522423,0.185,-1.668,0.531,-5.044,-20.546,-19.471;522443,0.145,-1.516,0.515,-15.109,-11.578,-24.877;522467,0.098,-1.373,0.496,-17.301,-1.546,-27.385;522487,0.037,-1.188,0.389,-10.266,7.484,-25.462;522507,-0.009,-0.950,0.277,-3.242,14.400,-17.799
2026-05-28T09:33:18.787Z 522530,-0.032,-0.756,0.181,6.317,17.715,-6.231;522550,-0.039,-0.597,0.121,15.743,17.291,3.667;522572,-0.008,-0.487,0.082,18.398,14.286,10.070;522592,0.035,-0.420,0.034,12.150,10.888,12.359;522612,0.054,-0.399,-0.015,-3.030,7.598,9.994
2026-05-28T09:33:18.911Z 522632,0.042,-0.388,-0.043,-12.783,6.916,4.898;522652,0.021,-0.376,-0.079,-12.486,10.887,-0.384;522675,0.010,-0.336,-0.096,-5.193,16.779,-3.751;522695,-0.023,-0.332,-0.148,6.865,20.232,-6.679;522717,0.048,-0.508,-0.307,15.091,14.871,-10.875
2026-05-28T09:33:18.994Z 522737,0.285,-0.952,-0.043,13.267,2.991,-26.952;522757,-0.131,-1.288,-0.137,-17.764,-2.475,-16.469;522780,-0.113,-1.516,-0.015,2.946,6.942,-15.296;522800,-0.133,-1.673,0.046,5.479,7.860,-11.671;522820,-0.171,-1.799,0.202,-13.268,2.964,-5.099
2026-05-28T09:33:19.126Z 522843,-0.146,-1.773,0.446,-9.603,5.705,3.962;522864,-0.092,-1.670,0.368,-7.311,5.124,13.866;522884,-0.026,-1.514,0.282,-13.987,2.048,20.872;522904,0.030,-1.337,0.254,-25.842,-2.516,21.307;522924,0.068,-1.162,0.198,-21.306,-6.396,15.819
2026-05-28T09:33:19.206Z 522944,0.092,-0.972,0.111,-11.015,-7.487,5.717;522967,0.086,-0.768,0.051,0.900,-4.002,-3.961;522987,0.054,-0.604,0.012,10.159,3.007,-9.535;523007,-0.013,-0.515,0.037,6.547,7.079,-11.378;523027,-0.046,-0.480,0.055,-7.719,5.339,-10.052
2026-05-28T09:33:19.331Z 523047,-0.045,-0.444,0.065,-17.804,2.900,-9.061;523070,-0.020,-0.399,0.071,-17.569,1.934,-9.877;523090,0.008,-0.334,0.052,-10.072,2.303,-12.654;523110,0.021,-0.272,-0.007,-1.841,1.802,-15.216;523130,0.019,-0.224,-0.107,0.303,-0.071,-16.057
2026-05-28T09:33:19.415Z 523150,-0.017,-0.183,-0.155,-2.782,-0.490,-14.413;523172,-0.059,-0.236,-0.352,-3.802,2.705,-11.403;523194,-0.375,-0.603,-0.456,13.257,-18.657,31.414;523214,-0.296,-0.818,0.108,19.911,-33.519,45.319;523234,0.174,-1.028,0.188,-11.814,-48.660,14.1
2026-05-28T09:33:19.569Z 523254,0.331,-1.244,0.365,-19.719,-37.791,2.255;523274,0.222,-1.589,0.634,-12.962,-26.043,-1.102;523294,0.250,-1.704,0.756,-7.612,-9.511,-6.048;523314,0.213,-1.647,0.801,2.502,5.108,-16.045;523334,0.158,-1.589,0.679,8.297,10.952,-23.373
2026-05-28T09:33:19.628Z 523354,0.068,-1.481,0.580,-1.791,16.816,-28.106;523374,-0.018,-1.365,0.545,-18.744,20.355,-29.345;523394,-0.066,-1.206,0.489,-27.138,19.618,-27.570;523414,-0.076,-1.027,0.394,-26.702,20.557,-21.774;523434,-0.063,-0.840,0.275,-15.711,26.592,-14.
2026-05-28T09:33:19.717Z 523454,-0.068,-0.694,0.165,-3.037,32.738,-5.582;523474,-0.055,-0.579,0.101,7.096,38.374,3.128;523494,-0.024,-0.490,0.061,8.366,38.359,9.971;523514,-0.012,-0.423,0.018,2.598,33.914,13.388;523534,-0.019,-0.380,-0.013,-3.486,27.820,13.835
2026-05-28T09:33:19.835Z 523554,-0.026,-0.347,-0.040,-9.272,22.136,11.645;523574,-0.032,-0.318,-0.066,-13.621,18.468,7.525;523594,-0.028,-0.295,-0.097,-16.503,17.382,2.634;523614,-0.020,-0.391,-0.203,-13.131,14.235,-2.147;523634,0.199,-0.628,-0.045,-8.817,13.162,-22.37
2026-05-28T09:33:19.928Z 523654,0.112,-0.938,0.013,14.240,4.238,-28.117;523674,-0.277,-1.261,0.283,-2.691,-3.868,-17.287;523694,-0.185,-1.513,0.380,0.615,-8.790,-15.795;523714,-0.094,-1.655,0.474,-0.594,-18.952,-15.779;523734,-0.088,-1.739,0.636,-6.035,-28.158,-9.411
2026-05-28T09:33:20.019Z 523754,-0.060,-1.796,0.774,-5.816,-27.331,-0.005;523774,-0.062,-1.749,0.806,5.127,-20.411,12.863;523794,-0.072,-1.637,0.692,1.730,-16.599,23.661;523814,-0.052,-1.484,0.560,-7.419,-14.979,30.395;523834,-0.032,-1.302,0.499,-18.126,-17.658,31.428
2026-05-28T09:33:20.141Z 523854,-0.013,-1.130,0.438,-22.127,-20.722,28.784;523874,0.018,-0.962,0.327,-13.186,-23.464,23.023;523894,0.030,-0.798,0.214,0.016,-20.979,13.104;523914,0.020,-0.636,0.127,8.903,-16.285,5.044;523934,-0.032,-0.525,0.041,12.997,-12.002,0.101
2026-05-28T09:33:20.231Z 523957,-0.056,-0.437,0.050,5.014,-11.291,-2.923;523977,-0.048,-0.364,0.066,-5.360,-13.406,-3.584;523997,-0.026,-0.327,0.073,-13.684,-14.490,-3.164;524020,0.003,-0.307,0.052,-17.189,-14.550,-2.536;524040,0.022,-0.295,0.005,-13.539,-13.494,-1.898
2026-05-28T09:33:20.350Z 524060,0.011,-0.266,-0.046,-8.341,-11.241,-1.010;524080,-0.004,-0.308,-0.187,-3.235,-7.852,0.970;524100,-0.228,-0.723,-0.335,3.238,-22.970,29.354;524120,-0.314,-1.064,0.126,16.668,-20.184,39.344;524140,0.020,-1.359,-0.074,28.349,-34.185,26.786
2026-05-28T09:33:20.434Z 524160,0.186,-1.532,0.185,8.075,-31.923,16.954;524180,0.142,-1.768,0.487,15.488,-19.865,12.014;524200,0.154,-1.858,0.582,20.462,-2.960,5.567;524220,0.121,-1.833,0.711,23.545,9.367,-4.720;524240,0.067,-1.774,0.676,25.305,12.760,-13.328
2026-05-28T09:33:20.527Z 524260,0.026,-1.690,0.600,20.356,14.828,-21.338;524280,-0.004,-1.561,0.536,6.545,17.319,-27.785;524300,-0.028,-1.401,0.489,-2.759,19.592,-32.551;524323,-0.037,-1.175,0.351,-2.171,17.788,-32.108;524343,-0.034,-0.940,0.240,1.020,20.027,-23.909
2026-05-28T09:33:20.646Z 524363,-0.030,-0.774,0.169,9.656,25.620,-14.629;524384,-0.017,-0.651,0.071,18.636,26.474,-6.398;524404,0.009,-0.539,0.016,20.976,26.897,-1.147;524424,0.030,-0.461,-0.008,14.369,24.959,0.396;524444,0.033,-0.402,-0.006,5.704,22.369,-0.159
2026-05-28T09:33:20.739Z 524464,0.020,-0.363,-0.013,-0.416,19.544,-2.828;524484,0.004,-0.324,-0.024,-5.160,19.488,-7.941;524504,0.013,-0.289,-0.032,-8.167,19.439,-12.104;524524,-0.005,-0.512,-0.346,-0.991,15.791,-16.954;524544,0.265,-0.728,-0.170,-0.110,25.352,-40.601
2026-05-28T09:33:20.829Z 524565,0.125,-1.102,-0.074,15.333,21.137,-46.270;524585,-0.281,-1.468,0.311,-6.605,14.103,-29.203;524605,-0.231,-1.677,0.396,4.393,7.639,-23.935;524625,-0.212,-1.810,0.457,1.463,-4.786,-22.506;524645,-0.241,-1.863,0.588,-2.199,-17.042,-17.544
2026-05-28T09:33:20.954Z 524665,-0.203,-1.866,0.661,6.133,-21.297,-8.808;524685,-0.135,-1.809,0.566,16.996,-17.297,3.681;524705,-0.061,-1.666,0.492,6.829,-14.748,17.195;524725,-0.009,-1.507,0.431,-6.152,-12.462,24.893;524745,0.019,-1.332,0.382,-15.208,-10.950,27.373
2026-05-28T09:33:21.041Z 524765,0.025,-1.147,0.317,-15.115,-11.587,22.914;524786,0.024,-0.975,0.239,-9.323,-11.222,15.345;524806,0.004,-0.773,0.134,2.384,-7.919,6.644;524826,-0.004,-0.595,0.052,10.587,-2.483,0.802;524850,-0.020,-0.482,0.015,11.599,0.389,-3.304
2026-05-28T09:33:21.158Z 524872,-0.048,-0.399,0.004,0.914,-1.720,-4.176;524892,-0.063,-0.344,0.008,-10.859,-6.049,-2.978;524912,-0.064,-0.316,-0.002,-19.100,-11.614,0.191;524932,-0.068,-0.296,-0.005,-15.923,-13.022,3.844;524952,-0.065,-0.283,-0.034,-10.422,-14.520,8.31
2026-05-28T09:33:21.250Z 524972,-0.023,-0.380,-0.196,-5.929,-20.463,14.753;524992,-0.173,-0.725,-0.242,-2.467,-30.906,35.462;525012,-0.212,-1.072,0.047,3.927,-30.537,43.508;525035,0.117,-1.335,0.116,-11.356,-33.308,36.236;525055,0.212,-1.529,0.279,-16.574,-26.700,33.88
2026-05-28T09:33:21.373Z 525075,0.290,-1.656,0.333,-7.020,-18.576,30.080;525096,0.341,-1.734,0.432,0.680,-9.014,22.364;525116,0.309,-1.778,0.511,6.474,-3.350,8.529;525136,0.242,-1.776,0.499,12.708,-2.637,-3.675;525156,0.189,-1.701,0.487,6.041,-3.020,-13.526
2026-05-28T09:33:21.488Z 525180,0.138,-1.550,0.462,-8.406,-0.305,-21.269;525200,0.105,-1.387,0.433,-18.791,6.488,-26.408;525220,0.096,-1.185,0.371,-12.832,12.876,-29.165;525243,0.088,-0.976,0.237,1.901,22.407,-24.475;525263,0.079,-0.778,0.125,17.812,33.181,-13.550
2026-05-28T09:33:21.545Z 525283,0.055,-0.620,0.052,33.570,41.278,-3.834;525303,0.024,-0.509,0.009,39.960,41.971,2.853;525323,0.028,-0.431,-0.025,27.264,36.591,7.050;525343,0.051,-0.365,-0.044,10.421,30.031,8.857;525365,0.052,-0.324,-0.045,-3.630,24.602,8.272
2026-05-28T09:33:21.670Z 525385,0.030,-0.305,-0.032,-11.810,22.056,3.884;525405,0.012,-0.294,-0.030,-13.435,20.826,-0.869;525425,0.004,-0.386,-0.152,-13.123,16.017,-4.655;525448,0.231,-0.532,0.031,-15.274,23.237,-36.721;525468,0.042,-0.843,-0.027,7.589,25.556,-46.561
2026-05-28T09:33:21.789Z 525488,-0.152,-1.238,0.288,-8.839,21.521,-27.945;525508,-0.100,-1.454,0.281,1.834,20.142,-25.749;525528,-0.089,-1.607,0.303,-8.759,6.611,-24.354;525549,-0.112,-1.724,0.480,-19.228,-6.713,-19.933;525569,-0.109,-1.767,0.587,-12.837,-9.734,-14.137
2026-05-28T09:33:21.903Z 525589,-0.082,-1.713,0.574,-11.296,-8.109,-3.299;525611,-0.046,-1.618,0.537,-17.411,-8.028,7.640;525631,0.022,-1.488,0.472,-26.591,-9.113,14.532;525651,0.077,-1.342,0.408,-34.935,-11.957,17.142;525674,0.081,-1.164,0.325,-30.967,-15.446,13.470
2026-05-28T09:33:21.967Z 525694,0.044,-0.978,0.246,-19.172,-14.722,7.077;525714,0.005,-0.775,0.137,-2.865,-11.809,2.018;525734,-0.021,-0.615,0.086,5.292,-8.591,-0.749;525754,-0.034,-0.522,0.040,4.251,-9.655,-0.396;525774,-0.039,-0.454,0.021,-4.782,-14.396,1.667
2026-05-28T09:33:22.053Z 525794,-0.052,-0.407,0.014,-12.991,-17.757,2.223;525814,-0.070,-0.369,0.002,-12.517,-19.800,3.128;525834,-0.063,-0.338,-0.025,-7.883,-20.354,4.600;525854,-0.030,-0.282,-0.070,-3.588,-20.002,5.515;525874,0.005,-0.272,-0.171,-2.665,-17.606,6.782
2026-05-28T09:33:22.177Z 525894,0.095,-0.350,-0.315,-2.549,-17.107,11.818;525914,-0.085,-0.630,-0.371,0.808,-25.601,36.560;525934,0.233,-1.134,-0.383,0.605,-47.798,39.556;525954,0.473,-1.337,-0.084,-24.938,-47.962,28.546;525974,0.380,-1.558,0.259,-14.157,-34.982,25.032
2026-05-28T09:33:22.268Z 525994,0.383,-1.690,0.296,1.636,-20.314,20.773;526014,0.388,-1.741,0.447,3.871,-6.802,10.550;526034,0.334,-1.754,0.501,6.092,3.502,-0.186;526054,0.259,-1.690,0.511,8.786,11.289,-8.698;526074,0.187,-1.593,0.483,5.115,17.460,-16.265
2026-05-28T09:33:22.355Z 526094,0.096,-1.471,0.435,-3.581,22.834,-22.483;526114,0.030,-1.315,0.389,-12.052,26.962,-27.219;526134,0.003,-1.116,0.328,-12.314,26.387,-26.470;526154,0.008,-0.911,0.238,-7.894,26.375,-20.725;526175,-0.003,-0.748,0.136,0.376,29.029,-10.853
2026-05-28T09:33:22.507Z 526195,-0.009,-0.628,0.041,9.979,29.298,-1.313;526215,-0.001,-0.517,-0.009,13.902,27.467,4.833;526235,0.021,-0.430,-0.038,10.809,23.832,9.230;526255,0.025,-0.379,-0.070,2.093,20.230,9.680;526279,0.013,-0.347,-0.077,-5.610,17.534,7.173
2026-05-28T09:33:22.564Z 526299,-0.004,-0.349,-0.108,-8.723,16.131,1.833;526321,-0.016,-0.469,-0.280,-5.950,14.453,-4.963;526341,0.173,-0.673,-0.351,8.785,24.049,-22.030;526361,0.194,-0.974,-0.081,24.460,16.844,-20.507;526385,-0.153,-1.335,0.031,23.583,8.980,-12.412
2026-05-28T09:33:22.690Z 526405,-0.080,-1.578,0.028,33.852,2.048,-14.190;526425,-0.048,-1.699,0.131,25.680,-9.868,-15.082;526445,-0.046,-1.747,0.326,18.239,-18.413,-11.159;526465,-0.017,-1.789,0.373,18.533,-14.305,-1.479;526485,-0.012,-1.747,0.359,19.443,-10.035,8.465
2026-05-28T09:33:22.780Z 526508,0.001,-1.632,0.333,10.914,-8.887,15.897;526528,0.033,-1.466,0.265,1.642,-11.482,17.680;526548,0.055,-1.290,0.209,-6.295,-15.509,16.393;526570,0.063,-1.095,0.157,-7.649,-19.811,11.325;526590,0.049,-0.904,0.074,-1.530,-21.179,4.287
2026-05-28T09:33:22.902Z 526610,0.042,-0.712,0.001,7.269,-17.627,-2.431;526630,0.039,-0.556,-0.064,10.124,-10.295,-5.930;526650,0.007,-0.483,-0.108,3.094,-5.556,-6.700;526670,-0.013,-0.417,-0.102,-9.528,-4.521,-5.545;526690,-0.014,-0.380,-0.092,-20.422,-5.921,-3.077
2026-05-28T09:33:23.019Z 526710,-0.011,-0.357,-0.078,-22.724,-5.381,0.110;526730,-0.020,-0.348,-0.085,-16.807,-4.610,3.266;526751,-0.042,-0.309,-0.089,-11.658,-4.093,5.590;526771,-0.031,-0.315,-0.131,-6.504,-4.019,7.912;526791,-0.083,-0.662,-0.302,6.832,-13.954,20.384
2026-05-28T09:33:23.100Z 526811,-0.206,-1.162,-0.118,10.229,-34.877,29.957;526835,0.096,-1.434,-0.010,-0.296,-43.662,17.511;526855,0.180,-1.632,0.241,6.706,-38.111,14.117;526875,0.217,-1.754,0.320,14.554,-30.874,8.905;526895,0.210,-1.793,0.481,11.766,-21.016,-0.811
2026-05-28T09:33:23.226Z 526917,0.153,-1.716,0.592,10.477,-14.989,-10.822;526937,0.107,-1.672,0.615,12.348,-7.183,-17.881;526959,0.063,-1.541,0.546,4.014,2.601,-23.250;526979,0.028,-1.377,0.500,-4.837,12.904,-28.398;526999,-0.006,-1.200,0.400,-4.459,19.218,-30.878
2026-05-28T09:33:23.289Z 527019,-0.055,-0.994,0.288,-1.657,21.032,-26.840;527043,-0.081,-0.809,0.208,4.487,22.244,-17.214;527063,-0.071,-0.660,0.147,14.370,22.359,-7.636;527083,-0.028,-0.544,0.094,21.855,22.502,-0.855;527103,0.038,-0.464,0.047,16.911,22.872,2.911
2026-05-28T09:33:23.411Z 527123,0.075,-0.415,0.019,7.022,22.673,5.502;527143,0.054,-0.389,-0.000,-0.238,21.634,6.630;527165,0.014,-0.367,-0.017,-0.880,21.547,6.275;527185,-0.037,-0.337,-0.031,-0.400,23.451,4.543;527205,-0.046,-0.322,-0.039,-1.008,23.138,2.791
2026-05-28T09:33:23.499Z 527225,0.153,-0.728,-0.453,15.961,21.608,-10.691;527245,0.261,-0.679,0.029,-12.379,15.163,-37.528;527265,0.094,-0.946,-0.117,17.136,18.986,-37.429;527285,-0.219,-1.377,0.252,-0.110,16.742,-23.283;527305,-0.163,-1.577,0.249,14.014,16.300,-21.730
2026-05-28T09:33:23.669Z 527325,-0.163,-1.691,0.317,3.325,0.827,-18.451;527345,-0.166,-1.742,0.497,-6.412,-13.689,-11.169;527365,-0.126,-1.755,0.602,-2.749,-17.248,-1.481;527385,-0.099,-1.710,0.542,1.984,-15.869,9.609;527405,-0.062,-1.613,0.511,-4.740,-14.789,19.688
2026-05-28T09:33:23.703Z 527429,0.003,-1.483,0.446,-15.373,-13.807,25.234;527449,0.045,-1.341,0.389,-24.319,-13.841,26.853;527469,0.058,-1.189,0.319,-24.955,-15.052,22.317;527491,0.019,-0.999,0.225,-16.113,-15.843,16.246;527511,-0.020,-0.816,0.139,-4.037,-16.195,10.180
2026-05-28T09:33:23.799Z 527531,-0.043,-0.661,0.069,4.671,-13.985,5.249;527551,-0.072,-0.579,-0.003,3.879,-12.299,2.920;527571,-0.081,-0.513,-0.035,-4.503,-12.771,1.609;527593,-0.072,-0.453,-0.043,-13.706,-14.590,1.525;527613,-0.059,-0.406,-0.052,-19.542,-17.446,3.048
2026-05-28T09:33:23.919Z 527633,-0.036,-0.362,-0.042,-17.105,-19.142,6.228;527653,-0.038,-0.350,-0.078,-13.340,-19.109,9.629;527673,-0.034,-0.416,-0.257,-5.599,-19.712,14.569;527693,-0.173,-0.704,-0.335,9.349,-13.350,31.336;527713,-0.247,-1.000,0.048,15.573,-32.734,38.
2026-05-28T09:33:24.036Z 527733,0.107,-1.179,0.085,3.496,-43.745,20.309;527753,0.221,-1.439,0.248,-8.179,-43.802,13.623;527773,0.184,-1.630,0.490,-3.647,-31.363,10.166;527793,0.212,-1.725,0.500,-0.354,-16.304,2.132;527813,0.224,-1.688,0.745,-2.690,-6.351,-7.724
2026-05-28T09:33:24.097Z 527837,0.191,-1.632,0.710,-0.236,2.191,-16.683;527857,0.154,-1.542,0.671,-4.110,13.407,-23.575;527877,0.090,-1.407,0.599,-11.532,19.782,-27.900;527897,0.022,-1.226,0.498,-15.689,23.984,-29.373;527920,-0.027,-1.004,0.409,-16.641,26.960,-26.780
2026-05-28T09:33:24.224Z 527940,-0.052,-0.818,0.310,-9.951,31.842,-17.308;527960,-0.044,-0.662,0.215,0.010,37.027,-6.279;527983,-0.040,-0.546,0.135,6.454,37.021,2.595;528003,-0.025,-0.462,0.075,6.438,33.125,8.642;528023,-0.015,-0.405,0.026,0.748,28.376,10.683
2026-05-28T09:33:24.310Z 528043,-0.007,-0.366,-0.008,-5.443,25.163,9.562;528063,-0.005,-0.338,-0.026,-11.338,23.275,6.607;528083,-0.008,-0.325,-0.044,-16.000,21.221,1.586;528103,-0.004,-0.472,-0.193,-14.314,18.257,-6.243;528123,0.180,-0.613,-0.040,-10.977,16.434,-28.16
2026-05-28T09:33:24.429Z 528143,0.198,-0.816,0.123,-9.037,10.197,-29.815;528163,-0.161,-1.179,0.054,8.615,7.395,-25.712;528183,-0.201,-1.424,0.349,-4.497,2.285,-27.080;528203,-0.134,-1.526,0.399,-1.039,-5.254,-28.623;528223,-0.135,-1.582,0.479,-6.615,-12.010,-20.939
2026-05-28T09:33:24.544Z 528243,-0.119,-1.615,0.565,-0.514,-11.737,-9.533;528263,-0.118,-1.628,0.678,7.583,-6.342,2.824;528283,-0.122,-1.571,0.630,9.769,-3.322,13.458;528303,-0.104,-1.490,0.570,5.264,-1.981,21.451;528323,-0.048,-1.359,0.487,-6.228,-3.213,24.491
2026-05-28T09:33:24.633Z 528343,-0.002,-1.198,0.434,-15.401,-5.386,23.802;528363,0.009,-1.009,0.370,-13.265,-6.821,19.764;528387,-0.002,-0.839,0.273,1.799,-7.354,12.708;528407,-0.016,-0.671,0.191,16.937,-7.240,5.509;528429,-0.023,-0.521,0.125,23.231,-5.055,1.164
2026-05-28T09:33:24.728Z 528449,-0.041,-0.438,0.078,19.417,-3.986,-0.727;528469,-0.056,-0.395,0.030,6.644,-6.382,-1.151;528489,-0.062,-0.363,0.004,-7.756,-11.247,0.141;528509,-0.056,-0.338,-0.005,-10.959,-13.469,2.912;528529,-0.039,-0.334,-0.048,-5.241,-12.044,5.822
2026-05-28T09:33:24.911Z 528553,0.006,-0.370,-0.210,5.524,-7.317,9.511;528573,-0.156,-0.574,-0.069,10.646,-3.995,29.550;528593,-0.192,-0.851,0.122,16.740,-31.200,32.407;528613,0.056,-1.185,0.031,16.344,-44.199,20.263;528633,0.170,-1.418,0.216,5.753,-46.212,17.848
2026-05-28T09:33:24.968Z 528653,0.196,-1.554,0.226,19.612,-34.336,16.284;528673,0.244,-1.638,0.280,17.714,-20.708,11.981;528693,0.234,-1.623,0.537,15.789,-11.733,2.107;528713,0.191,-1.605,0.503,18.319,-10.129,-5.353;528736,0.149,-1.535,0.501,13.529,-5.085,-11.461
2026-05-28T09:33:25.026Z 528756,0.082,-1.408,0.474,5.586,-0.028,-15.833;528776,0.016,-1.257,0.403,-0.874,3.693,-18.996;528796,0.002,-1.056,0.324,-2.903,8.641,-17.869;528816,0.008,-0.883,0.220,-2.074,15.347,-12.507;528840,0.037,-0.735,0.135,2.476,25.578,-5.518
2026-05-28T09:33:25.151Z 528860,0.039,-0.608,0.055,13.210,33.479,0.178;528882,0.030,-0.512,0.012,18.864,36.550,4.140;528902,0.012,-0.460,-0.030,10.990,32.359,6.819;528922,-0.002,-0.416,-0.049,1.074,27.248,8.420;528942,-0.010,-0.380,-0.046,-0.515,24.873,7.503
2026-05-28T09:33:25.243Z 528962,-0.005,-0.324,-0.025,-3.056,21.023,4.186;528982,0.004,-0.283,-0.016,-5.958,15.013,1.151;529002,0.183,-0.744,-0.519,4.283,11.306,-13.377;529022,0.260,-0.936,-0.004,-24.585,1.022,-42.530;529044,-0.212,-1.249,-0.008,-9.206,-0.935,-28.610
2026-05-28T09:33:25.329Z 529064,-0.165,-1.455,0.185,-7.285,2.309,-16.632;529084,-0.086,-1.587,0.225,0.171,-2.066,-16.886;529104,-0.132,-1.726,0.264,-11.491,-13.850,-13.638;529124,-0.124,-1.768,0.382,-14.125,-20.232,-4.728;529148,-0.055,-1.717,0.394,-10.176,-18.369,3.11
2026-05-28T09:33:25.448Z 529168,0.018,-1.627,0.404,-17.347,-16.969,12.478;529188,0.080,-1.537,0.399,-30.007,-14.643,18.385;529208,0.127,-1.399,0.405,-35.604,-10.451,18.522;529228,0.181,-1.223,0.284,-26.986,-7.766,15.871;529248,0.170,-1.045,0.167,-15.797,-5.979,9.604
2026-05-28T09:33:25.537Z 529272,0.086,-0.812,0.059,-1.489,-3.471,3.620;529292,0.040,-0.645,0.067,-3.353,3.248,1.028;529312,-0.010,-0.559,0.051,-7.684,4.519,-0.640;529332,-0.043,-0.509,0.051,-21.995,-0.288,-1.399;529356,-0.013,-0.481,0.046,-35.230,-3.861,-1.884
2026-05-28T09:33:25.655Z 529376,0.029,-0.446,0.050,-36.400,-3.053,-2.346;529396,0.054,-0.409,0.023,-24.385,1.516,-1.476;529419,0.033,-0.356,-0.006,-12.222,5.307,-1.527;529439,-0.015,-0.300,-0.054,-5.197,4.273,-2.167;529459,-0.060,-0.232,-0.076,-4.985,1.142,-1.688
2026-05-28T09:33:25.748Z 529479,-0.096,-0.220,-0.101,-4.531,0.595,0.170;529500,-0.010,-0.243,-0.215,1.551,-3.065,6.050;529520,-0.236,-0.793,-0.482,17.587,-31.920,52.363;529540,0.065,-1.273,-0.589,36.143,-59.853,43.071;529560,0.464,-1.374,-0.214,-22.205,-70.055,31.963
