2026-05-28T09:36:35.670Z 719312,0.056,-1.695,0.334,11.664,4.403,-1.631;719332,0.032,-1.601,0.296,7.103,1.847,-6.310;719352,0.025,-1.450,0.277,1.762,-1.936,-8.888;719373,0.022,-1.287,0.270,-0.553,-3.624,-10.282;719393,0.018,-1.106,0.244,3.421,-0.764,-9.088
2026-05-28T09:36:35.824Z 719413,0.004,-0.929,0.199,10.809,4.249,-6.003;719433,-0.026,-0.746,0.143,22.289,9.379,-1.298;719453,-0.053,-0.569,0.098,37.787,13.301,3.083;719473,-0.043,-0.430,0.076,48.122,14.538,6.077;719493,-0.001,-0.313,0.038,41.078,13.391,7.638
2026-05-28T09:36:35.940Z 719513,0.055,-0.267,0.017,20.268,12.655,8.583;719537,0.066,-0.246,0.031,-6.567,15.564,7.631;719560,0.053,-0.278,0.022,-21.219,19.683,6.052;719580,0.047,-0.352,-0.007,-24.161,22.169,3.454;719600,0.097,-0.539,-0.090,-13.808,21.975,0.606
2026-05-28T09:36:35.950Z 719620,0.092,-0.911,0.050,-13.842,16.903,-1.848;719640,-0.027,-1.174,0.241,-15.410,13.690,2.967;719660,-0.014,-1.424,0.239,-5.206,4.019,3.201;719682,0.049,-1.629,0.267,-4.105,-5.162,-2.292;719702,0.064,-1.763,0.329,-3.901,-11.969,-4.960
2026-05-28T09:36:36.007Z 719722,0.107,-1.810,0.334,2.067,-14.916,-3.462;719742,0.144,-1.769,0.300,5.044,-13.466,1.215;719762,0.163,-1.695,0.275,5.130,-9.825,5.763;719782,0.167,-1.600,0.242,4.470,-5.632,9.542;719806,0.147,-1.460,0.222,5.209,-2.270,11.540
2026-05-28T09:36:36.107Z 719829,0.118,-1.277,0.209,7.184,-1.874,11.483;719849,0.071,-1.087,0.188,12.835,-4.175,9.293;719869,0.033,-0.902,0.157,21.420,-6.652,6.714;719892,0.031,-0.697,0.104,31.400,-7.046,2.634;719912,0.053,-0.490,0.056,36.413,-4.424,-1.122
2026-05-28T09:36:36.251Z 719932,0.033,-0.385,0.024,29.999,-4.374,-3.969;719952,0.015,-0.344,0.008,10.484,-10.904,-6.060;719972,0.005,-0.320,0.003,-10.891,-19.513,-6.536;719992,-0.021,-0.300,0.046,-25.096,-23.059,-6.851;720012,-0.038,-0.279,0.039,-22.357,-19.527,-7.568
2026-05-28T09:36:36.309Z 720032,-0.039,-0.269,0.009,-18.967,-17.587,-5.890;720052,-0.040,-0.335,-0.019,-21.423,-15.114,-2.707;720072,-0.025,-0.697,0.057,-20.352,-14.879,4.151;720092,-0.071,-1.189,0.175,-18.324,-20.374,18.474;720113,-0.000,-1.389,0.247,-9.130,-23.361,23
2026-05-28T09:36:36.429Z 720137,0.103,-1.482,0.278,-8.951,-26.439,20.308;720157,0.192,-1.642,0.370,-9.925,-22.537,15.542;720177,0.204,-1.775,0.480,2.083,-10.395,11.804;720197,0.193,-1.779,0.487,13.362,1.372,7.847;720221,0.161,-1.733,0.461,20.751,9.836,3.343
2026-05-28T09:36:36.518Z 720241,0.108,-1.655,0.413,22.811,12.087,-1.961;720261,0.054,-1.502,0.372,20.433,11.052,-6.967;720281,0.015,-1.331,0.334,14.960,4.780,-10.335;720301,0.015,-1.133,0.317,12.689,-0.395,-11.225;720321,0.015,-0.935,0.270,16.224,-1.691,-9.062
2026-05-28T09:36:36.674Z 720345,0.008,-0.736,0.207,28.722,0.970,-3.061;720365,-0.007,-0.556,0.125,43.622,1.997,3.105;720385,-0.004,-0.423,0.072,52.789,2.851,6.401;720405,0.025,-0.322,0.047,47.690,0.455,6.319;720425,0.068,-0.264,0.022,28.763,-5.317,5.864
2026-05-28T09:36:36.728Z 720445,0.089,-0.246,0.015,2.842,-10.690,4.391;720465,0.093,-0.279,0.012,-7.637,-12.145,-0.312;720488,0.108,-0.372,-0.002,-5.283,-10.652,-6.867;720508,0.156,-0.600,-0.020,2.266,-8.514,-15.645;720528,0.078,-0.921,0.089,0.471,-6.963,-19.661
2026-05-28T09:36:36.823Z 720548,0.014,-1.132,0.242,-1.880,-2.302,-10.558;720568,-0.009,-1.322,0.324,1.579,2.887,-5.213;720588,-0.011,-1.466,0.424,-3.492,1.694,-0.870;720608,0.018,-1.613,0.618,-7.967,-2.845,4.104;720632,0.048,-1.675,0.708,0.690,-1.567,7.509
2026-05-28T09:36:36.910Z 720653,0.109,-1.636,0.648,10.318,0.820,11.911;720673,0.155,-1.548,0.577,11.938,1.512,15.937;720693,0.164,-1.429,0.526,8.692,1.276,17.251;720713,0.119,-1.271,0.495,8.148,-0.518,14.911;720733,0.082,-1.085,0.440,15.761,-4.780,11.078
2026-05-28T09:36:37.035Z 720753,0.072,-0.899,0.343,29.070,-8.878,6.461;720773,0.060,-0.687,0.249,44.632,-7.977,0.469;720793,0.045,-0.489,0.204,47.843,-3.430,-5.474;720815,0.023,-0.350,0.168,36.281,-1.807,-8.758;720835,0.006,-0.286,0.121,11.924,-3.523,-9.718
2026-05-28T09:36:37.175Z 720855,0.013,-0.313,0.018,-23.830,-9.321,-6.647;720875,-0.030,-0.547,0.034,-17.656,-9.278,0.317;720895,-0.038,-1.041,0.239,-13.680,-8.106,7.975;720917,0.105,-1.175,0.226,-6.886,-7.696,1.626;720937,0.216,-1.313,0.245,-2.419,-4.619,-2.206
2026-05-28T09:36:37.262Z 720957,0.247,-1.441,0.282,-2.395,0.844,-1.605;720977,0.236,-1.505,0.321,-4.178,7.263,-0.570;720997,0.188,-1.501,0.350,-6.472,13.315,-2.461;721017,0.127,-1.453,0.356,-10.152,17.955,-6.639;721040,0.085,-1.354,0.358,-14.928,19.446,-12.190
2026-05-28T09:36:37.330Z 721060,0.058,-1.227,0.318,-17.624,19.074,-16.939;721084,0.053,-1.057,0.293,-19.576,19.051,-19.822;721104,0.042,-0.887,0.246,-17.958,20.588,-19.857;721124,0.002,-0.744,0.193,-12.206,25.694,-14.651;721144,-0.065,-0.621,0.113,-4.434,27.260,-5.783
2026-05-28T09:36:37.455Z 721168,-0.081,-0.506,0.043,4.096,24.581,2.733;721188,-0.065,-0.423,-0.016,9.249,20.436,8.518;721208,-0.037,-0.353,-0.025,3.577,16.620,9.166;721228,-0.004,-0.305,-0.025,-4.686,12.415,5.525;721251,0.027,-0.395,-0.141,-19.007,8.493,-0.441
2026-05-28T09:36:37.543Z 721274,0.252,-0.642,-0.220,-28.891,0.535,-9.717;721294,0.059,-1.143,-0.147,-12.189,-1.861,-7.329;721314,-0.099,-1.383,0.240,-8.355,-1.692,-2.034;721338,-0.026,-1.507,0.237,9.185,-1.960,-6.132;721360,-0.006,-1.587,0.294,4.713,-8.056,-7.481
2026-05-28T09:36:37.695Z 721382,0.016,-1.628,0.395,1.113,-10.052,-5.254;721402,0.042,-1.587,0.398,5.652,-5.111,0.726;721422,0.055,-1.489,0.384,3.824,-1.854,7.284;721442,0.044,-1.348,0.371,1.026,-1.237,12.241;721462,0.019,-1.176,0.318,2.850,-3.286,13.911
2026-05-28T09:36:37.748Z 721482,0.003,-0.994,0.262,7.934,-5.430,11.850;721502,0.009,-0.829,0.171,16.082,-7.856,7.506;721522,0.037,-0.654,0.098,21.323,-9.131,0.795;721542,0.073,-0.493,0.032,23.215,-6.846,-5.882;721562,0.069,-0.370,-0.005,16.721,-0.884,-11.229
2026-05-28T09:36:37.900Z 721582,0.043,-0.290,-0.017,4.417,3.341,-13.829;721606,-0.000,-0.254,-0.011,-12.332,2.217,-11.323;721627,-0.052,-0.262,-0.028,-22.951,2.068,-7.542;721647,-0.068,-0.339,-0.064,-17.852,1.492,-1.749;721667,-0.135,-0.686,-0.127,-1.990,6.093,5.467
2026-05-28T09:36:37.957Z 721687,-0.023,-1.048,0.034,-16.716,-0.918,8.035;721707,0.172,-1.285,0.130,-18.566,-1.019,8.311;721727,0.180,-1.478,0.211,-12.586,4.133,11.001;721751,0.191,-1.606,0.317,-10.533,7.322,12.706;721771,0.190,-1.626,0.363,-5.602,9.007,8.517
2026-05-28T09:36:38.085Z 721791,0.129,-1.602,0.369,-5.284,6.621,2.462;721813,0.100,-1.552,0.374,-8.547,1.389,-2.633;721833,0.103,-1.451,0.366,-7.906,-1.841,-6.978;721856,0.095,-1.291,0.314,-1.767,-1.574,-9.885;721876,0.076,-1.094,0.248,5.483,0.695,-10.536
2026-05-28T09:36:38.191Z 721896,0.045,-0.874,0.207,19.694,3.566,-7.476;721916,-0.013,-0.674,0.165,33.265,5.082,-2.446;721940,-0.031,-0.528,0.113,36.936,1.903,3.743;721960,-0.026,-0.424,0.052,30.004,-5.826,8.815;721980,-0.011,-0.366,0.036,14.783,-12.624,11.569
2026-05-28T09:36:38.292Z 722000,0.002,-0.315,0.048,2.348,-16.746,12.035;722020,0.008,-0.265,0.072,-5.008,-18.125,10.798;722040,0.013,-0.234,0.065,-9.008,-19.297,9.116;722060,0.035,-0.304,0.010,-13.498,-22.857,6.235;722080,0.214,-0.671,-0.160,-25.051,-37.611,4.255
2026-05-28T09:36:38.410Z 722100,0.160,-1.170,0.025,-14.262,-40.392,-8.747;722120,0.043,-1.383,0.274,-15.162,-36.988,0.716;722140,0.038,-1.511,0.265,8.719,-27.695,-1.237;722160,0.047,-1.606,0.308,7.420,-25.857,-2.510;722180,0.062,-1.647,0.433,1.372,-24.616,-2.602
2026-05-28T09:36:38.468Z 722203,0.086,-1.623,0.434,8.033,-17.673,-2.268;722223,0.133,-1.523,0.409,12.971,-10.069,-0.772;722243,0.144,-1.356,0.375,13.690,-7.085,1.024;722263,0.111,-1.166,0.332,16.525,-6.159,1.091;722283,0.051,-0.992,0.264,23.138,-7.295,-1.270
2026-05-28T09:36:38.591Z 722304,0.027,-0.809,0.197,29.024,-9.552,-4.732;722328,0.067,-0.610,0.133,29.870,-9.071,-9.916;722348,0.106,-0.439,0.083,28.850,-3.142,-15.048;722368,0.079,-0.342,0.063,18.810,1.422,-19.054;722388,0.043,-0.295,0.059,-1.004,-0.046,-20.718
2026-05-28T09:36:38.685Z 722408,-0.005,-0.270,0.075,-24.263,-4.415,-20.598;722428,-0.022,-0.274,0.048,-30.292,-0.631,-21.207;722448,0.047,-0.342,-0.075,-22.873,-0.253,-16.609;722472,-0.062,-0.814,-0.162,-2.798,6.148,-4.744;722492,-0.185,-1.263,-0.035,-13.108,4.292,7.11
2026-05-28T09:36:38.803Z 722512,0.015,-1.464,0.086,-19.949,-0.481,2.175;722536,0.105,-1.623,0.200,-11.510,3.043,4.744;722556,0.100,-1.700,0.290,-5.041,6.789,8.260;722580,0.057,-1.691,0.336,1.611,6.832,8.329;722600,0.002,-1.638,0.344,3.054,2.274,4.674
2026-05-28T09:36:38.890Z 722620,-0.030,-1.557,0.341,-0.352,-7.644,0.162;722643,-0.014,-1.451,0.330,-3.293,-16.028,-4.118;722663,0.025,-1.293,0.294,-4.474,-18.650,-8.585;722687,0.081,-1.079,0.254,-2.027,-14.076,-9.401;722707,0.073,-0.883,0.202,6.956,-6.810,-8.626
2026-05-28T09:36:39.040Z 722731,0.008,-0.705,0.163,16.478,-2.685,-5.209;722751,-0.055,-0.573,0.113,19.975,-2.255,-0.606;722771,-0.079,-0.469,0.071,15.917,-5.753,4.522;722791,-0.055,-0.404,0.022,6.572,-12.580,9.211;722811,-0.033,-0.350,0.013,-1.253,-16.910,11.402
2026-05-28T09:36:39.102Z 722834,-0.016,-0.307,0.005,-7.877,-17.486,10.609;722854,0.012,-0.295,-0.067,-11.465,-17.793,8.723;722874,0.117,-0.417,-0.146,-18.306,-22.476,2.676;722894,0.347,-0.708,-0.112,-24.349,-30.411,-10.875;722914,0.138,-1.202,-0.004,-15.972,-34.849,-12
2026-05-28T09:36:39.225Z 722934,0.028,-1.400,0.536,-25.524,-30.263,2.721;722954,0.072,-1.652,0.303,1.303,-38.385,-1.832;722974,0.096,-1.810,0.458,-1.182,-47.019,-1.715;722994,0.104,-1.828,0.570,0.158,-54.404,-0.285;723014,0.156,-1.793,0.554,10.865,-50.309,3.536
2026-05-28T09:36:39.309Z 723034,0.192,-1.669,0.522,10.022,-47.377,8.584;723054,0.196,-1.546,0.515,5.049,-46.889,12.421;723076,0.165,-1.381,0.480,4.530,-48.938,13.141;723096,0.122,-1.182,0.417,11.110,-52.629,10.901;723116,0.092,-0.981,0.322,22.737,-55.767,6.724
2026-05-28T09:36:39.434Z 723136,0.121,-0.763,0.220,32.895,-56.273,2.677;723159,0.163,-0.568,0.166,36.219,-53.390,-1.869;723179,0.166,-0.426,0.099,37.570,-48.155,-8.225;723199,0.120,-0.322,0.072,28.108,-45.684,-14.042;723219,0.068,-0.291,0.066,1.351,-49.323,-16.701
2026-05-28T09:36:39.521Z 723242,0.030,-0.292,0.065,-25.026,-51.272,-17.215;723262,0.070,-0.323,0.032,-29.384,-51.226,-15.340;723282,0.099,-0.396,0.051,-20.014,-40.246,-9.847;723302,0.077,-0.577,-0.067,-4.534,-34.978,-3.133;723322,-0.018,-1.091,0.127,-5.355,-33.137,11.9
2026-05-28T09:36:39.638Z 723342,0.097,-1.277,0.129,7.762,-32.296,9.277;723364,0.182,-1.424,0.217,8.255,-33.521,6.265;723384,0.203,-1.538,0.294,6.568,-33.977,5.756;723404,0.193,-1.614,0.346,11.891,-33.834,6.050;723424,0.161,-1.617,0.370,14.612,-34.453,5.039
2026-05-28T09:36:39.730Z 723444,0.110,-1.559,0.358,13.134,-38.660,3.428;723464,0.083,-1.465,0.347,10.038,-44.388,1.887;723488,0.091,-1.294,0.320,6.967,-49.073,-1.044;723508,0.107,-1.088,0.295,7.212,-47.178,-3.213;723528,0.129,-0.904,0.246,10.946,-42.939,-3.440
2026-05-28T09:36:39.875Z 723548,0.127,-0.731,0.171,15.081,-38.732,-2.156;723571,0.085,-0.601,0.098,17.104,-36.832,1.835;723591,0.044,-0.496,0.051,16.964,-36.718,5.648;723611,0.013,-0.403,0.011,13.724,-40.155,9.992;723631,0.012,-0.318,0.024,8.131,-42.856,13.544
2026-05-28T09:36:39.999Z 723651,0.012,-0.262,0.005,4.421,-43.020,14.839;723671,0.013,-0.215,-0.018,-2.486,-43.552,13.800;723694,0.063,-0.269,-0.129,-17.805,-48.088,12.229;723714,0.369,-0.559,-0.141,-34.635,-49.472,-3.722;723734,0.208,-1.075,-0.017,-21.099,-47.608,-13.5
2026-05-28T09:36:40.030Z 723754,-0.042,-1.379,0.421,-27.154,-39.680,-1.327;723774,0.034,-1.576,0.212,4.037,-31.704,-5.754;723794,0.068,-1.726,0.312,-3.966,-32.991,-8.805;723814,0.074,-1.819,0.379,-13.762,-39.084,-4.008;723834,0.057,-1.820,0.535,-8.320,-36.114,2.620
2026-05-28T09:36:40.150Z 723854,0.046,-1.762,0.540,0.170,-31.832,11.731;723876,0.049,-1.644,0.506,3.422,-30.765,19.977;723896,0.062,-1.473,0.462,2.469,-32.660,25.161;723916,0.066,-1.279,0.420,2.017,-35.726,27.322;723936,0.052,-1.096,0.340,8.425,-40.566,26.161
2026-05-28T09:36:40.237Z 723960,0.062,-0.923,0.273,16.600,-44.323,22.971;723980,0.085,-0.751,0.200,23.449,-47.498,18.889;724000,0.098,-0.592,0.121,25.333,-46.956,14.222;724022,0.098,-0.461,0.101,23.282,-43.904,9.860;724046,0.074,-0.373,0.102,14.122,-41.988,7.606
2026-05-28T09:36:40.364Z 724066,0.031,-0.311,0.116,4.323,-41.641,7.240;724089,-0.017,-0.273,0.120,-3.796,-41.574,7.478;724109,-0.023,-0.320,-0.034,-10.121,-46.746,10.912;724129,-0.008,-0.531,-0.124,-4.419,-45.428,14.600;724149,-0.044,-1.049,0.060,-2.786,-39.090,20.024
2026-05-28T09:36:40.448Z 724173,0.178,-1.272,0.138,-4.611,-37.786,12.478;724195,0.221,-1.455,0.187,9.805,-20.280,12.722;724215,0.219,-1.567,0.223,12.381,-8.989,15.166;724235,0.200,-1.621,0.265,15.119,-1.791,12.840;724255,0.116,-1.594,0.302,15.497,-3.344,6.549
2026-05-28T09:36:40.536Z 724275,0.068,-1.544,0.308,9.538,-10.158,1.137;724295,0.066,-1.458,0.303,5.425,-16.471,-2.801;724315,0.063,-1.323,0.283,3.293,-18.376,-5.795;724335,0.062,-1.158,0.261,2.506,-16.838,-7.607;724355,0.083,-0.972,0.229,6.937,-12.160,-7.641
2026-05-28T09:36:40.696Z 724375,0.084,-0.782,0.178,16.022,-5.228,-4.084;724395,0.059,-0.621,0.123,26.509,-0.882,0.865;724415,0.012,-0.479,0.060,33.482,-1.858,6.905;724435,-0.019,-0.367,0.034,33.898,-5.314,10.902;724455,-0.034,-0.301,0.046,24.309,-9.077,12.090
2026-05-28T09:36:40.813Z 724475,-0.020,-0.281,0.018,11.672,-15.277,10.217;724498,0.007,-0.365,-0.162,-5.029,-25.217,7.792;724518,0.263,-0.683,-0.237,-19.271,-30.425,-3.636;724538,0.223,-1.128,-0.165,-7.747,-33.039,-3.966;724562,-0.009,-1.405,0.094,-14.696,-32.945,3.442
2026-05-28T09:36:40.871Z 724584,0.060,-1.570,0.027,8.144,-34.073,-2.905;724604,0.080,-1.667,0.097,6.639,-35.865,-4.065;724627,0.109,-1.697,0.207,1.807,-35.777,-2.776;724647,0.143,-1.681,0.263,3.385,-26.281,1.410;724670,0.131,-1.595,0.277,1.358,-18.439,7.836
2026-05-28T09:36:40.957Z 724690,0.098,-1.449,0.282,-1.355,-15.463,12.905;724710,0.061,-1.276,0.271,-2.461,-16.091,15.214;724730,0.035,-1.100,0.237,-0.160,-21.295,14.131;724750,0.037,-0.915,0.161,10.265,-25.837,9.920;724774,0.067,-0.729,0.086,19.070,-27.262,3.969
2026-05-28T09:36:41.083Z 724794,0.092,-0.548,0.023,25.301,-22.120,-1.708;724814,0.089,-0.406,-0.004,22.183,-16.779,-6.137;724834,0.050,-0.312,-0.005,10.058,-14.088,-7.815;724854,0.022,-0.272,0.014,-11.181,-16.662,-5.484;724874,-0.005,-0.284,0.005,-28.565,-20.681,-2.073
2026-05-28T09:36:41.172Z 724897,0.019,-0.376,-0.100,-36.127,-27.797,2.659;724917,-0.055,-0.818,-0.110,-18.403,-23.151,10.837;724937,0.029,-1.062,-0.014,-13.839,-24.302,4.912;724957,0.245,-1.299,0.120,-16.121,-19.091,0.356;724978,0.284,-1.504,0.225,-9.510,-6.871,3.550
2026-05-28T09:36:41.289Z 724998,0.286,-1.662,0.337,-4.311,2.207,7.132;725018,0.257,-1.702,0.393,4.154,9.997,2.953;725038,0.179,-1.677,0.410,8.832,12.929,-4.233;725058,0.116,-1.618,0.406,4.641,9.177,-10.655;725078,0.101,-1.521,0.397,-1.658,3.259,-15.650
2026-05-28T09:36:41.382Z 725101,0.102,-1.377,0.368,-1.254,1.836,-19.853;725121,0.106,-1.174,0.317,2.514,4.051,-22.219;725141,0.101,-0.954,0.253,8.720,8.992,-20.560;725161,0.062,-0.738,0.185,20.897,15.086,-12.334;725181,0.010,-0.566,0.124,32.842,18.042,-3.283
2026-05-28T09:36:41.470Z 725204,-0.024,-0.447,0.077,37.565,15.628,3.908;725224,-0.014,-0.363,0.027,28.067,9.769,8.900;725245,0.019,-0.330,0.011,8.650,3.451,9.281;725265,0.039,-0.311,0.023,-5.840,1.578,6.223;725285,0.034,-0.275,0.041,-14.147,2.715,1.810
2026-05-28T09:36:41.586Z 725305,0.033,-0.366,-0.138,-14.332,-0.210,-1.558;725325,0.338,-0.749,-0.071,-20.797,-3.300,-19.423;725345,0.319,-0.951,0.177,-25.103,-2.842,-24.449;725365,0.059,-1.292,0.363,-28.158,-1.125,-10.124;725385,0.098,-1.511,0.433,-9.533,-4.005,-13.055
2026-05-28T09:36:41.677Z 725405,0.121,-1.649,0.509,-17.606,-9.978,-15.870;725425,0.121,-1.696,0.595,-22.290,-16.162,-15.216;725445,0.145,-1.697,0.711,-20.475,-13.399,-11.898;725465,0.162,-1.637,0.672,-11.737,-7.764,-5.392;725485,0.162,-1.549,0.616,-10.773,-4.979,2.555
2026-05-28T09:36:41.765Z 725505,0.127,-1.410,0.574,-12.370,-4.360,7.355;725528,0.058,-1.222,0.509,-10.112,-6.627,8.945;725548,0.013,-1.034,0.408,-2.543,-12.755,7.650;725568,0.024,-0.826,0.304,7.900,-15.832,3.129;725588,0.051,-0.647,0.225,15.366,-16.423,-1.713
2026-05-28T09:36:41.892Z 725612,0.103,-0.459,0.150,20.770,-10.234,-7.366;725632,0.084,-0.351,0.122,11.273,-5.439,-9.603;725655,0.029,-0.302,0.103,-8.664,-6.802,-6.180;725675,-0.044,-0.303,0.106,-29.886,-12.621,-3.292;725698,-0.074,-0.310,0.085,-32.856,-14.362,-1.720
2026-05-28T09:36:42.012Z 725718,0.001,-0.351,0.005,-24.851,-17.042,2.573;725738,0.048,-0.523,-0.090,-7.482,-10.384,5.343;725762,0.012,-0.924,-0.066,2.054,-6.822,10.003;725782,0.104,-1.357,0.115,-3.198,-9.158,5.224;725802,0.209,-1.530,0.318,-7.653,-0.323,3.964
2026-05-28T09:36:42.124Z 725825,0.264,-1.612,0.436,-4.528,10.739,2.776;725848,0.275,-1.696,0.567,-0.992,21.634,-0.823;725868,0.234,-1.661,0.602,8.019,28.945,-8.448;725888,0.187,-1.597,0.591,10.231,26.956,-14.506;725908,0.137,-1.521,0.596,6.160,24.002,-19.149
2026-05-28T09:36:42.251Z 725928,0.094,-1.409,0.589,4.495,21.318,-23.229;725948,0.066,-1.216,0.521,6.714,19.457,-25.661;725972,0.058,-1.008,0.421,11.685,18.763,-23.913;725992,0.047,-0.804,0.321,22.567,21.158,-17.665;726012,-0.011,-0.597,0.229,35.624,22.406,-9.474
2026-05-28T09:36:42.305Z 726032,-0.053,-0.440,0.144,46.632,19.878,-0.631;726052,-0.065,-0.335,0.095,45.771,15.322,5.651;726072,-0.056,-0.282,0.097,28.652,7.768,7.091;726094,-0.044,-0.246,0.096,9.110,0.872,5.666;726114,-0.013,-0.304,0.024,-9.468,-7.380,3.566
2026-05-28T09:36:42.406Z 726134,0.270,-0.458,0.245,-31.101,-16.884,-18.580;726154,0.140,-0.978,0.300,-8.885,-18.004,-22.849;726174,-0.145,-1.207,0.379,-9.292,-21.209,-4.911;726194,-0.082,-1.421,0.629,3.455,-19.684,-5.817;726214,-0.002,-1.549,0.717,-1.339,-23.745,-9.120
2026-05-28T09:36:42.519Z 726234,0.042,-1.588,0.770,-10.184,-26.308,-5.743;726254,0.089,-1.590,0.789,-7.631,-21.153,-1.908;726274,0.130,-1.540,0.739,-1.799,-11.874,3.948;726294,0.159,-1.422,0.647,-0.980,-4.837,9.811;726314,0.133,-1.266,0.574,-1.043,-0.486,12.475
2026-05-28T09:36:42.606Z 726334,0.080,-1.096,0.454,2.135,0.612,11.589;726354,0.031,-0.933,0.344,6.914,-0.780,6.760;726374,0.027,-0.756,0.238,11.461,-1.221,-0.081;726394,0.040,-0.571,0.178,15.849,0.720,-6.283;726414,0.050,-0.423,0.102,17.482,6.407,-12.076
2026-05-28T09:36:42.703Z 726434,0.028,-0.328,0.056,12.049,8.980,-13.626;726454,-0.038,-0.306,0.042,-11.667,5.262,-10.848;726474,-0.105,-0.305,0.066,-33.849,-0.288,-5.792;726494,-0.126,-0.299,0.109,-37.964,-4.511,-1.024;726514,-0.079,-0.349,-0.007,-22.638,-9.383,4.655
2026-05-28T09:36:42.819Z 726536,0.000,-0.465,-0.067,-4.923,-4.368,8.690;726556,-0.066,-0.951,-0.031,-4.450,-0.921,18.646;726576,0.094,-1.170,0.058,-6.603,0.060,12.834;726596,0.289,-1.328,0.204,-6.848,3.237,11.524;726616,0.292,-1.502,0.373,-6.141,7.869,11.547
2026-05-28T09:36:42.912Z 726636,0.309,-1.569,0.451,2.461,14.608,4.722;726656,0.280,-1.553,0.470,6.816,17.773,-4.315;726676,0.192,-1.501,0.474,2.159,14.942,-11.651;726696,0.139,-1.419,0.476,-4.509,11.108,-16.605;726716,0.110,-1.296,0.462,-7.550,9.396,-20.736
2026-05-28T09:36:42.999Z 726736,0.127,-1.127,0.395,-5.264,10.156,-21.818;726758,0.100,-0.926,0.300,1.312,14.904,-19.702;726778,0.045,-0.751,0.207,12.266,22.584,-13.959;726798,0.006,-0.582,0.105,25.001,24.763,-6.164;726822,-0.033,-0.445,0.007,30.123,23.493,1.416
2026-05-28T09:36:43.126Z 726842,-0.054,-0.381,0.008,22.821,21.479,3.311;726862,-0.039,-0.332,0.021,9.300,18.614,0.923;726885,-0.014,-0.316,0.024,-6.918,15.969,-2.325;726905,0.035,-0.553,-0.199,-7.629,8.996,-5.553;726925,0.114,-0.919,0.092,-16.235,-3.312,-13.770
2026-05-28T09:36:43.214Z 726945,-0.045,-1.177,0.094,-12.792,-8.071,-6.756;726965,-0.113,-1.387,0.425,-22.702,-11.639,3.934;726985,-0.062,-1.530,0.419,-9.876,-17.867,-1.350;727005,-0.039,-1.604,0.506,-11.462,-22.301,-3.279;727025,0.015,-1.625,0.603,-13.185,-25.218,-2.21
2026-05-28T09:36:43.329Z 727045,0.072,-1.578,0.610,-8.067,-17.984,1.680;727065,0.103,-1.503,0.594,-6.655,-11.285,8.336;727089,0.086,-1.356,0.545,-7.305,-7.917,13.756;727109,0.044,-1.196,0.470,-5.916,-8.432,16.301;727129,-0.007,-1.029,0.375,0.144,-13.045,13.787
2026-05-28T09:36:43.417Z 727149,-0.027,-0.878,0.262,9.772,-17.625,8.261;727169,0.007,-0.691,0.170,17.974,-18.122,0.321;727189,0.042,-0.516,0.075,23.097,-14.131,-6.203;727209,0.054,-0.374,0.019,22.534,-8.212,-9.960;727229,0.024,-0.309,-0.007,6.895,-7.713,-7.990
2026-05-28T09:36:43.547Z 727249,-0.012,-0.275,0.015,-14.564,-10.630,-2.952;727269,-0.045,-0.278,0.042,-31.423,-13.833,2.851;727289,-0.065,-0.415,-0.109,-16.895,-16.152,8.834;727309,-0.139,-0.863,0.083,-6.643,-13.052,26.164;727329,0.027,-1.299,0.155,3.015,-19.142,10.123
2026-05-28T09:36:43.627Z 727353,0.246,-1.491,0.276,-5.751,-19.118,4.833;727373,0.221,-1.628,0.402,-1.803,-10.977,8.522;727393,0.242,-1.690,0.463,3.613,-0.916,5.738;727413,0.214,-1.682,0.505,9.635,6.774,-0.223;727433,0.144,-1.604,0.483,7.604,5.639,-6.336
2026-05-28T09:36:43.722Z 727453,0.103,-1.508,0.476,0.705,1.937,-11.401;727473,0.098,-1.381,0.452,-4.418,-0.752,-16.832;727493,0.103,-1.203,0.396,-6.758,-0.347,-21.647;727513,0.104,-1.011,0.314,-3.794,4.420,-20.093;727533,0.080,-0.782,0.234,5.234,11.667,-14.127
2026-05-28T09:36:43.812Z 727553,0.018,-0.593,0.186,19.271,17.113,-5.597;727573,-0.046,-0.469,0.122,29.464,18.849,1.471;727595,-0.075,-0.377,0.085,27.800,15.463,6.735;727615,-0.080,-0.334,0.042,13.852,8.228,7.448;727635,-0.041,-0.326,0.036,-4.486,3.368,4.673
2026-05-28T09:36:43.955Z 727655,-0.007,-0.293,0.058,-17.262,2.927,-0.568;727675,0.057,-0.442,-0.130,-16.623,-3.573,-2.349;727695,0.394,-0.702,0.332,-37.411,-10.810,-20.603;727715,0.161,-1.037,0.152,-21.573,-10.562,-13.155;727738,-0.060,-1.357,0.618,-39.559,-12.255,4.83
2026-05-28T09:36:44.054Z 727758,0.076,-1.615,0.609,-23.280,-21.952,-3.479;727778,0.090,-1.677,0.754,-31.433,-29.161,-3.673;727798,0.106,-1.653,0.800,-24.796,-32.596,-2.119;727820,0.150,-1.599,0.714,-14.228,-29.153,1.057;727840,0.184,-1.465,0.643,-12.341,-26.245,5.808
2026-05-28T09:36:44.142Z 727860,0.158,-1.295,0.576,-11.140,-26.309,8.321;727880,0.090,-1.119,0.497,-7.189,-28.579,8.246;727900,0.045,-0.965,0.364,0.380,-33.832,5.125;727922,0.036,-0.795,0.271,6.613,-36.036,-0.549;727942,0.073,-0.605,0.162,12.643,-35.419,-5.659
2026-05-28T09:36:44.230Z 727962,0.135,-0.442,0.107,14.107,-30.335,-10.483;727982,0.145,-0.356,0.071,5.188,-26.160,-11.571;728004,0.076,-0.309,0.044,-10.861,-25.669,-11.025;728024,0.005,-0.287,0.029,-29.639,-27.303,-10.314;728044,-0.019,-0.304,0.028,-40.739,-27.593,-9.0
2026-05-28T09:36:44.385Z 728064,0.028,-0.417,-0.048,-31.533,-29.460,-3.478;728084,-0.102,-0.942,-0.142,-2.130,-24.702,12.389;728104,-0.050,-1.261,-0.070,3.097,-38.886,11.097;728124,0.166,-1.472,0.067,-5.250,-40.533,1.689;728144,0.221,-1.636,0.168,3.026,-30.205,6.183
2026-05-28T09:36:44.438Z 728164,0.224,-1.738,0.242,7.608,-24.676,11.111;728184,0.188,-1.702,0.318,15.512,-21.735,9.449;728204,0.092,-1.628,0.336,22.212,-25.396,5.120;728228,0.019,-1.556,0.326,19.585,-37.682,1.032;728248,0.038,-1.438,0.364,10.495,-53.846,-2.573
2026-05-28T09:36:44.584Z 728268,0.084,-1.275,0.379,5.771,-65.838,-5.201;728288,0.142,-1.080,0.361,9.602,-65.795,-4.853;728308,0.179,-0.866,0.294,17.418,-59.212,-2.333;728328,0.170,-0.689,0.246,26.378,-52.546,2.106;728348,0.124,-0.543,0.182,36.099,-47.099,7.897
2026-05-28T09:36:44.651Z 728368,0.089,-0.417,0.140,41.368,-45.592,13.371;728388,0.064,-0.319,0.099,40.409,-47.478,16.642;728408,0.060,-0.260,0.083,28.150,-51.333,15.810;728428,0.071,-0.232,0.083,11.027,-52.258,12.270;728448,0.106,-0.276,-0.079,-3.755,-57.291,10.378
2026-05-28T09:36:44.762Z 728472,0.219,-0.386,-0.121,-10.187,-57.798,3.622;728492,0.150,-0.843,0.166,-22.346,-62.248,-9.572;728512,-0.084,-1.236,0.176,-11.569,-55.914,1.296;728532,-0.108,-1.489,0.539,14.208,-55.739,6.621;728552,0.004,-1.665,0.604,13.322,-63.491,2.613
2026-05-28T09:36:44.858Z 728574,0.021,-1.716,0.659,10.005,-67.957,3.474;728594,0.087,-1.687,0.618,16.900,-67.230,6.684;728614,0.153,-1.590,0.581,18.293,-66.969,12.729;728634,0.181,-1.444,0.552,14.477,-68.423,18.525;728654,0.167,-1.295,0.521,11.830,-69.677,20.193
2026-05-28T09:36:44.955Z 728674,0.130,-1.110,0.434,16.894,-71.997,16.812;728694,0.136,-0.914,0.334,23.103,-73.072,11.962;728714,0.188,-0.704,0.228,28.006,-70.048,6.809;728734,0.227,-0.521,0.174,32.924,-62.828,0.981;728754,0.197,-0.371,0.109,34.595,-54.667,-4.865
2026-05-28T09:36:45.036Z 728774,0.123,-0.270,0.076,29.040,-51.695,-8.436;728794,0.041,-0.243,0.080,1.228,-54.231,-8.614;728817,-0.023,-0.235,0.112,-24.582,-58.905,-6.322;728837,-0.047,-0.229,0.173,-35.442,-61.129,-3.874;728857,0.045,-0.311,0.061,-28.460,-66.891,2.421
2026-05-28T09:36:45.192Z 728877,0.098,-0.572,-0.103,-8.636,-64.310,16.298;728897,0.137,-1.086,0.133,-11.680,-67.792,12.062;728917,0.294,-1.275,0.201,-4.371,-65.149,7.133;728940,0.432,-1.459,0.308,-1.939,-63.269,8.228;728960,0.507,-1.581,0.352,0.146,-58.008,13.324
2026-05-28T09:36:45.251Z 728980,0.478,-1.628,0.363,6.844,-47.961,14.630;729000,0.359,-1.574,0.352,7.264,-41.865,10.803;729020,0.256,-1.501,0.347,1.176,-42.351,6.227;729044,0.208,-1.388,0.347,-5.180,-43.790,0.540;729064,0.220,-1.227,0.326,-3.305,-41.341,-4.773
2026-05-28T09:36:45.429Z 729084,0.242,-1.040,0.275,0.377,-33.694,-7.265;729104,0.247,-0.864,0.178,3.305,-25.975,-5.353;729124,0.175,-0.716,0.113,6.883,-17.135,-0.111;729144,0.098,-0.553,0.071,13.834,-11.635,7.137;729164,0.049,-0.395,0.058,24.146,-10.366,14.076
2026-05-28T09:36:45.458Z 729184,0.013,-0.306,0.029,26.951,-14.112,17.240;729204,-0.016,-0.237,0.053,14.348,-21.892,17.132;729224,-0.016,-0.247,-0.073,-3.450,-33.339,15.053;729244,0.490,-0.810,-0.173,-34.875,-45.166,4.402;729264,0.240,-1.239,0.144,-50.518,-55.264,-14.73
2026-05-28T09:36:45.547Z 729287,-0.132,-1.545,0.249,-38.189,-48.000,-2.665;729307,-0.084,-1.678,0.090,-0.884,-46.531,-3.095;729327,-0.030,-1.702,0.125,2.361,-46.757,-5.365;729347,0.034,-1.711,0.194,-2.351,-45.291,-2.887;729367,0.108,-1.657,0.238,-1.916,-39.798,1.293
2026-05-28T09:36:45.693Z 729388,0.153,-1.562,0.252,-2.022,-33.855,6.297;729408,0.147,-1.399,0.261,-2.991,-29.857,11.442;729428,0.091,-1.221,0.217,2.877,-28.446,13.819;729448,0.038,-1.059,0.157,9.724,-29.086,13.200;729468,0.030,-0.875,0.103,15.864,-29.576,10.366
2026-05-28T09:36:45.759Z 729488,0.046,-0.686,0.043,22.448,-26.549,4.789;729510,0.081,-0.500,0.006,29.435,-19.033,-0.921;729530,0.090,-0.369,-0.012,30.733,-9.971,-5.943;729550,0.055,-0.296,-0.036,12.829,-7.962,-7.633;729570,0.012,-0.245,-0.014,-16.698,-12.554,-4.424
2026-05-28T09:36:45.888Z 729593,-0.044,-0.254,-0.016,-39.984,-16.045,-0.463;729613,-0.072,-0.337,-0.058,-45.421,-13.757,0.890;729633,-0.095,-0.576,-0.226,-16.800,-9.341,13.598;729653,-0.043,-1.032,0.008,-17.713,-17.470,18.293;729673,0.174,-1.232,0.093,-18.572,-16.141,9
2026-05-28T09:36:45.971Z 729695,0.193,-1.502,0.193,-13.296,-8.236,12.685;729715,0.160,-1.651,0.316,-5.900,-3.292,18.621;729735,0.115,-1.675,0.334,2.154,0.543,16.125;729755,0.035,-1.647,0.345,4.467,-2.477,10.158;729775,-0.009,-1.570,0.330,0.474,-8.899,4.861
2026-05-28T09:36:46.058Z 729795,0.013,-1.432,0.325,-4.623,-13.414,-0.714;729818,0.052,-1.262,0.327,-1.147,-12.482,-5.518;729838,0.084,-1.064,0.290,6.267,-7.223,-5.986;729858,0.083,-0.854,0.201,18.804,4.243,-4.608;729878,0.030,-0.667,0.115,31.886,13.732,-0.163
2026-05-28T09:36:46.242Z 729898,-0.041,-0.486,0.089,42.310,15.609,8.646;729918,-0.105,-0.347,0.072,48.424,13.899,17.097;729938,-0.125,-0.266,0.050,39.659,4.966,24.229;729958,-0.107,-0.242,0.063,20.288,-3.826,25.440;729978,-0.055,-0.223,0.078,4.290,-9.917,21.304
2026-05-28T09:36:46.292Z 729998,0.025,-0.257,0.003,-9.235,-22.163,15.067;730018,0.379,-0.610,0.077,-23.011,-21.576,-8.638;730038,0.235,-1.118,0.183,-13.169,-23.118,-22.248;730058,0.053,-1.454,0.494,-16.696,-18.085,-7.294;730078,0.061,-1.630,0.371,8.230,-15.574,-8.551
2026-05-28T09:36:46.508Z 730101,0.095,-1.720,0.370,8.973,-16.625,-14.893;730121,0.125,-1.754,0.408,5.549,-18.160,-16.165;730141,0.214,-1.693,0.414,7.930,-12.085,-14.746;730161,0.271,-1.583,0.386,8.626,-3.506,-10.333;730181,0.247,-1.412,0.351,6.161,2.046,-5.936
2026-05-28T09:36:46.512Z 730201,0.147,-1.214,0.283,9.594,5.685,-5.494;730221,0.071,-1.021,0.220,15.772,6.288,-6.707;730241,0.042,-0.833,0.126,20.062,4.667,-9.698;730261,0.064,-0.647,0.067,19.113,4.333,-14.044;730281,0.075,-0.481,0.042,16.649,6.164,-18.269
2026-05-28T09:36:46.568Z 730303,0.041,-0.356,0.024,11.808,10.257,-21.230;730323,0.004,-0.251,0.063,-3.422,8.535,-19.632;730343,0.008,-0.231,0.065,-22.876,4.197,-16.286;730363,0.009,-0.225,0.055,-37.535,2.084,-14.177;730383,0.014,-0.346,-0.140,-38.131,7.384,-13.552
2026-05-28T09:36:46.689Z 730405,-0.093,-0.767,-0.116,-26.469,8.730,0.153;730425,0.024,-1.061,-0.049,-16.420,6.157,-7.722;730445,0.211,-1.384,0.030,-19.093,9.747,-9.601;730465,0.201,-1.663,0.129,-8.758,19.528,0.113;730485,0.251,-1.755,0.132,-0.551,21.725,4.678
2026-05-28T09:36:46.779Z 730505,0.233,-1.749,0.190,3.597,22.147,1.684;730525,0.146,-1.702,0.227,5.996,17.259,-3.883;730545,0.102,-1.621,0.236,1.105,6.669,-8.895;730565,0.093,-1.515,0.246,-7.676,-1.381,-13.097;730585,0.101,-1.344,0.237,-7.742,-3.444,-17.751
2026-05-28T09:36:46.871Z 730605,0.124,-1.109,0.194,-3.907,1.970,-20.050;730628,0.141,-0.889,0.149,-0.675,11.343,-18.970;730648,0.128,-0.677,0.132,7.913,22.486,-13.017;730668,0.059,-0.520,0.107,23.828,32.416,-5.722;730688,-0.018,-0.418,0.064,22.845,33.953,1.898
2026-05-28T09:36:46.992Z 730711,-0.042,-0.381,-0.006,11.682,28.100,8.212;730731,-0.034,-0.347,-0.021,-1.322,18.090,11.922;730751,-0.024,-0.328,-0.009,-6.846,12.172,10.275;730771,-0.025,-0.292,0.005,-9.573,8.250,7.841;730791,-0.014,-0.330,-0.091,-11.195,2.197,6.193
2026-05-28T09:36:47.102Z 730811,0.146,-0.566,-0.113,-15.924,-3.782,-8.925;730831,0.016,-1.074,0.002,3.512,-5.329,-0.749;730851,-0.277,-1.451,0.072,0.632,-6.388,13.556;730871,-0.173,-1.660,-0.147,32.809,-8.799,8.475;730891,-0.096,-1.720,-0.073,30.067,-12.158,1.946
2026-05-28T09:36:47.200Z 730912,-0.027,-1.708,0.026,21.410,-15.067,0.010;730932,0.062,-1.647,0.110,17.924,-12.011,0.901;730952,0.111,-1.561,0.149,16.691,-5.586,3.865;730972,0.098,-1.400,0.164,14.004,-1.278,7.722;730996,0.029,-1.205,0.149,14.998,-0.629,8.481
2026-05-28T09:36:47.293Z 731016,-0.021,-1.016,0.104,18.809,-2.759,7.077;731040,-0.019,-0.834,0.048,21.307,-8.150,3.509;731060,0.002,-0.652,0.001,21.553,-11.212,-1.806;731080,0.036,-0.501,-0.043,18.924,-8.633,-8.839;731100,0.027,-0.381,-0.061,6.628,-4.884,-12.868
2026-05-28T09:36:47.403Z 731120,0.001,-0.316,-0.057,-8.135,-3.016,-14.759;731140,-0.034,-0.286,-0.028,-25.033,-6.693,-11.660;731162,-0.065,-0.269,-0.019,-31.569,-8.472,-8.379;731182,-0.096,-0.347,-0.145,-26.623,-2.605,-7.318;731202,-0.100,-0.674,-0.376,-4.530,-5.346,1.
2026-05-28T09:36:47.499Z 731222,-0.089,-1.173,-0.033,-16.896,-8.655,10.335;731242,0.226,-1.297,-0.022,-28.589,-15.944,-6.573;731263,0.295,-1.585,0.208,-39.572,-15.164,-8.569;731283,0.293,-1.753,0.471,-28.051,-2.791,0.730;731303,0.290,-1.781,0.439,-7.593,8.825,1.764
2026-05-28T09:36:47.588Z 731323,0.213,-1.718,0.433,-2.234,12.335,-2.711;731343,0.141,-1.657,0.440,-2.741,9.825,-8.717;731363,0.119,-1.578,0.427,-4.820,6.878,-14.430;731383,0.121,-1.407,0.404,-5.708,6.029,-19.640;731403,0.137,-1.219,0.360,-0.613,9.620,-21.901
2026-05-28T09:36:47.705Z 731425,0.132,-0.995,0.284,9.971,17.396,-21.467;731445,0.077,-0.780,0.203,25.596,25.389,-17.587;731465,-0.012,-0.553,0.155,43.262,28.767,-8.327;731485,-0.074,-0.431,0.105,53.536,28.270,1.807;731508,-0.079,-0.346,0.057,41.029,20.972,9.024
2026-05-28T09:36:47.803Z 731528,-0.037,-0.310,0.033,20.684,12.919,12.092;731548,-0.002,-0.287,0.032,0.250,8.765,8.573;731568,0.027,-0.243,0.047,-13.127,9.190,3.176;731588,0.058,-0.204,0.032,-18.592,10.769,-0.065;731612,0.067,-0.368,-0.148,-23.347,7.066,-0.727
2026-05-28T09:36:47.888Z 731632,0.373,-0.798,-0.236,-8.282,9.201,-12.286;731652,0.197,-1.246,-0.256,0.019,4.397,-7.181;731672,-0.033,-1.371,0.271,-16.024,5.816,-3.696;731692,0.027,-1.610,0.217,9.460,-5.164,-7.682;731712,0.058,-1.664,0.356,0.195,-13.774,-9.086
2026-05-28T09:36:48.014Z 731732,0.073,-1.653,0.423,-6.069,-21.376,-7.555;731752,0.105,-1.603,0.540,-7.612,-19.304,-2.739;731773,0.150,-1.495,0.515,-0.098,-15.979,4.259;731793,0.146,-1.312,0.427,3.569,-16.447,10.524;731813,0.091,-1.127,0.344,7.017,-16.791,13.209
2026-05-28T09:36:48.097Z 731836,0.031,-0.951,0.246,11.018,-18.969,12.534;731856,0.046,-0.765,0.170,16.323,-19.090,9.915;731876,0.096,-0.595,0.102,19.707,-16.208,5.013;731896,0.110,-0.454,0.043,20.486,-8.558,-1.966;731916,0.070,-0.361,-0.009,13.257,-2.038,-7.603
2026-05-28T09:36:48.187Z 731936,0.003,-0.340,-0.015,-10.265,-3.746,-8.050;731956,-0.058,-0.326,0.010,-29.078,-6.105,-6.487;731976,-0.089,-0.370,-0.047,-27.719,-2.086,-4.789;731996,-0.085,-0.512,-0.232,-7.905,0.782,0.731;732016,-0.159,-0.933,-0.100,5.539,1.104,23.631
2026-05-28T09:36:48.307Z 732036,0.035,-1.330,0.010,0.946,-1.515,19.810;732056,0.214,-1.594,0.154,-10.805,-2.103,9.515;732076,0.183,-1.744,0.260,5.235,10.554,18.030;732100,0.222,-1.808,0.258,15.876,18.199,20.942;732120,0.215,-1.799,0.267,22.466,22.537,18.379
2026-05-28T09:36:48.400Z 732140,0.154,-1.729,0.286,20.296,18.562,11.443;732160,0.125,-1.652,0.298,14.377,12.161,3.809;732180,0.135,-1.531,0.308,7.395,7.627,-5.172;732200,0.151,-1.364,0.310,5.068,7.527,-12.916;732222,0.171,-1.173,0.277,7.155,12.129,-17.973
2026-05-28T09:36:48.524Z 732242,0.153,-0.936,0.222,14.917,21.653,-16.793;732262,0.080,-0.728,0.171,28.729,28.915,-13.697;732282,-0.030,-0.565,0.149,42.556,28.441,-5.630;732302,-0.084,-0.451,0.094,47.690,21.831,1.627;732322,-0.073,-0.379,0.009,34.018,14.510,6.169
2026-05-28T09:36:48.608Z 732346,-0.012,-0.329,0.021,16.537,7.527,8.022;732366,0.029,-0.312,0.012,2.832,3.825,5.720;732386,0.016,-0.294,0.041,-7.453,1.952,2.467;732406,0.034,-0.718,-0.457,-6.619,-12.376,0.180;732430,0.171,-0.770,-0.022,-35.673,-20.371,-25.816
2026-05-28T09:36:48.732Z 732450,0.030,-1.122,-0.116,-22.367,-19.192,-9.405;732470,0.031,-1.439,0.332,-22.051,-13.722,2.158;732490,0.081,-1.566,0.359,-16.152,-18.356,-4.976;732510,0.104,-1.645,0.364,-18.225,-23.000,-7.782;732530,0.137,-1.687,0.437,-23.172,-27.067,-7.252
2026-05-28T09:36:48.820Z 732550,0.159,-1.662,0.447,-18.781,-23.813,-3.092;732574,0.175,-1.558,0.421,-19.122,-19.893,2.267;732594,0.153,-1.412,0.402,-24.210,-17.440,6.069;732614,0.116,-1.253,0.381,-26.630,-16.389,7.917;732634,0.069,-1.085,0.355,-24.677,-17.328,8.267
2026-05-28T09:36:48.912Z 732654,0.044,-0.929,0.282,-12.901,-20.368,6.038;732674,0.069,-0.758,0.180,-0.675,-19.767,1.571;732694,0.101,-0.585,0.094,6.503,-15.025,-2.379;732714,0.103,-0.459,0.042,8.210,-9.027,-4.612;732734,0.082,-0.380,-0.011,5.029,-4.322,-6.073
2026-05-28T09:36:49.026Z 732754,0.065,-0.332,-0.009,-6.584,-2.282,-7.658;732774,0.054,-0.310,0.007,-16.857,-2.242,-9.071;732794,0.044,-0.291,0.001,-21.195,-1.018,-11.612;732814,0.033,-0.293,-0.031,-20.140,5.187,-13.793;732834,0.045,-0.662,-0.345,-0.758,4.775,-4.263
2026-05-28T09:36:49.116Z 732857,-0.060,-1.049,0.172,-9.013,10.467,23.696;732877,0.067,-1.108,0.126,-14.188,5.153,3.221;732897,0.206,-1.406,0.303,-26.846,4.444,-2.693;732917,0.107,-1.634,0.429,-14.002,15.697,5.040;732937,0.156,-1.701,0.448,-5.695,23.707,6.415
2026-05-28T09:36:49.236Z 732957,0.131,-1.706,0.475,-1.920,28.775,3.127;732980,0.079,-1.657,0.479,-2.703,25.292,-1.927;733000,0.053,-1.579,0.460,-6.436,19.667,-5.458;733024,0.029,-1.439,0.432,-11.376,15.087,-8.464;733044,0.020,-1.266,0.394,-13.167,12.266,-9.831
2026-05-28T09:36:49.332Z 733064,0.016,-1.076,0.315,-8.015,14.637,-8.741;733084,0.000,-0.871,0.237,1.143,18.649,-3.411;733104,-0.025,-0.653,0.158,13.322,21.674,3.785;733127,-0.032,-0.514,0.093,22.530,21.151,11.293;733147,-0.038,-0.419,0.041,22.694,17.320,16.670
2026-05-28T09:36:49.450Z 733167,-0.028,-0.387,0.014,8.660,8.441,18.165;733187,-0.024,-0.365,0.026,-6.271,1.709,15.669;733207,-0.027,-0.354,0.037,-13.561,-0.827,11.577;733227,-0.038,-0.329,0.061,-14.713,-1.307,7.255;733247,0.008,-0.439,-0.099,-7.681,-11.429,6.728
2026-05-28T09:36:49.540Z 733267,0.359,-0.874,-0.323,19.408,-8.030,-9.755;733287,0.149,-1.314,-0.441,23.052,-9.865,-12.242;733310,-0.071,-1.579,0.084,-5.748,-13.302,6.100;733330,0.028,-1.809,-0.189,12.519,-15.646,1.020;733350,0.051,-1.829,-0.103,-2.762,-19.488,0.375
2026-05-28T09:36:49.628Z 733370,0.091,-1.819,-0.012,-5.635,-19.183,0.500;733390,0.104,-1.752,0.073,-4.350,-12.891,2.110;733412,0.116,-1.644,0.128,-4.091,-6.050,6.459;733432,0.107,-1.476,0.134,-2.892,-1.563,11.346;733452,0.067,-1.281,0.101,-1.524,-0.742,13.803
2026-05-28T09:36:49.751Z 733472,0.033,-1.101,0.050,1.598,-1.922,11.413;733492,0.043,-0.919,0.011,7.336,-2.723,6.265;733512,0.074,-0.739,-0.062,14.320,-1.335,-0.061;733532,0.114,-0.558,-0.098,17.391,1.539,-6.120;733552,0.111,-0.411,-0.115,14.800,4.851,-11.193
2026-05-28T09:36:49.846Z 733572,0.035,-0.339,-0.104,4.560,5.652,-14.551;733592,-0.019,-0.321,-0.097,-15.377,0.401,-13.618;733612,-0.028,-0.299,-0.064,-25.897,-3.340,-11.399;733634,-0.021,-0.287,-0.048,-28.998,-6.300,-8.351;733654,0.019,-0.377,-0.183,-14.129,-2.059,-4.9
2026-05-28T09:36:49.929Z 733674,-0.068,-0.741,0.049,-10.920,0.228,15.424;733694,0.021,-1.178,0.121,-6.499,0.386,14.606;733714,0.297,-1.372,0.158,-11.896,-3.838,0.279;733734,0.344,-1.644,0.353,1.735,8.759,8.360;733754,0.294,-1.808,0.465,9.193,17.909,12.573
2026-05-28T09:36:50.055Z 733774,0.309,-1.822,0.506,15.944,22.144,7.099;733794,0.269,-1.781,0.516,18.148,20.288,-0.685;733818,0.213,-1.737,0.524,11.865,14.214,-8.460;733838,0.180,-1.656,0.508,7.201,10.086,-15.242;733858,0.176,-1.501,0.457,6.817,10.752,-20.362
2026-05-28T09:36:50.141Z 733878,0.177,-1.266,0.367,7.259,13.305,-22.188;733902,0.155,-1.019,0.285,11.617,18.789,-20.466;733922,0.094,-0.776,0.231,25.979,25.227,-14.430;733942,0.027,-0.603,0.156,36.950,28.373,-5.636;733962,-0.020,-0.481,0.099,37.771,26.379,3.313
2026-05-28T09:36:50.261Z 733982,-0.011,-0.408,0.056,25.449,18.348,9.752;734002,0.003,-0.370,0.050,11.231,11.924,12.512;734026,0.009,-0.352,0.056,1.261,10.886,10.296;734046,0.009,-0.328,0.075,-6.005,11.149,6.921;734068,0.051,-0.509,-0.195,-9.426,-0.906,6.054
2026-05-28T09:36:50.352Z 734088,0.277,-0.765,0.015,-10.777,-11.033,-14.749;734108,0.112,-1.130,-0.002,-13.838,-12.949,-6.085;734128,-0.037,-1.418,0.439,-21.467,-8.443,7.547;734148,0.038,-1.636,0.387,3.625,-15.187,2.550;734168,0.074,-1.710,0.484,0.252,-20.645,-1.180
2026-05-28T09:36:50.469Z 734190,0.108,-1.715,0.545,-1.315,-24.415,-2.579;734210,0.161,-1.642,0.527,5.181,-20.432,-1.072;734230,0.195,-1.544,0.490,7.462,-14.365,5.221;734250,0.206,-1.418,0.440,5.729,-10.132,10.437;734270,0.151,-1.258,0.384,5.410,-8.328,12.903
2026-05-28T09:36:50.555Z 734290,0.075,-1.087,0.310,8.636,-11.547,11.572;734313,0.043,-0.924,0.211,17.100,-15.628,7.683;734333,0.058,-0.751,0.106,26.629,-15.664,1.710;734353,0.088,-0.573,0.035,30.728,-11.264,-4.481;734373,0.078,-0.441,-0.010,30.852,-4.228,-9.750
2026-05-28T09:36:50.685Z 734393,0.041,-0.353,-0.016,18.452,-1.085,-12.208;734413,0.013,-0.310,0.004,1.475,-5.134,-10.496;734433,-0.006,-0.286,-0.001,-13.871,-9.134,-8.275;734453,-0.012,-0.298,-0.015,-14.628,-6.793,-6.410;734473,-0.032,-0.442,-0.187,1.546,1.797,-4.235
2026-05-28T09:36:50.774Z 734497,-0.094,-0.871,0.037,10.735,5.190,11.854;734519,0.099,-1.077,0.043,5.133,2.297,-1.040;734539,0.220,-1.365,0.200,-2.943,3.096,-5.130;734561,0.228,-1.541,0.284,2.387,9.691,-0.024;734581,0.255,-1.643,0.329,6.799,15.076,1.134
2026-05-28T09:36:50.891Z 734601,0.224,-1.692,0.387,11.190,19.910,-2.266;734621,0.158,-1.659,0.395,11.526,18.452,-7.173;734645,0.129,-1.570,0.401,6.977,13.689,-11.113;734665,0.116,-1.456,0.377,3.367,9.575,-15.376;734685,0.104,-1.288,0.342,2.056,8.176,-17.131
2026-05-28T09:36:50.984Z 734705,0.090,-1.081,0.279,5.227,9.376,-16.325;734725,0.068,-0.881,0.202,15.548,14.094,-11.756;734749,0.023,-0.677,0.122,26.555,16.887,-4.496;734769,-0.012,-0.508,0.063,35.142,15.929,4.041;734789,-0.008,-0.385,0.037,34.009,12.514,11.293
2026-05-28T09:36:51.070Z 734809,0.018,-0.323,-0.000,22.883,7.048,16.214;734829,0.045,-0.315,-0.011,2.505,0.132,18.354;734849,0.019,-0.319,0.016,-15.403,-3.459,15.541;734869,-0.019,-0.316,0.049,-17.625,-4.112,10.657;734889,0.002,-0.339,0.003,-14.377,-10.307,6.575
2026-05-28T09:36:51.191Z 734909,0.255,-0.512,0.112,-15.351,-2.828,-17.975;734929,0.184,-0.858,0.076,-14.358,-6.496,-29.829;734949,-0.092,-1.319,0.435,-25.049,-0.669,-8.858;734969,-0.084,-1.504,0.473,-2.542,-0.432,-10.670;734989,-0.053,-1.612,0.534,-8.002,-5.704,-14.014
2026-05-28T09:36:51.279Z 735013,-0.026,-1.667,0.585,-12.853,-12.237,-14.380;735033,0.035,-1.609,0.563,-5.404,-8.946,-11.071;735053,0.091,-1.518,0.509,-1.920,-2.743,-3.875;735075,0.104,-1.371,0.459,-2.932,1.102,4.409;735095,0.066,-1.216,0.403,-3.143,1.486,8.533
2026-05-28T09:36:51.404Z 735115,0.012,-1.047,0.336,2.245,-1.932,8.578;735139,-0.003,-0.869,0.266,12.474,-7.401,6.410;735159,0.027,-0.678,0.164,22.495,-11.921,2.117;735179,0.047,-0.493,0.070,30.528,-8.119,-3.726;735199,0.047,-0.356,0.007,32.404,-3.294,-9.184
2026-05-28T09:36:51.489Z 735219,0.019,-0.287,0.005,14.616,-1.930,-12.033;735242,-0.005,-0.270,0.032,-15.747,-7.994,-9.688;735262,-0.042,-0.270,0.084,-36.228,-12.508,-6.978;735282,-0.074,-0.321,0.075,-34.492,-12.408,-5.480;735302,-0.113,-0.628,0.000,-4.984,-16.708,5.115
2026-05-28T09:36:51.666Z 735322,-0.144,-1.006,0.050,-4.337,-12.508,7.385;735342,0.059,-1.183,0.090,-10.891,-14.807,-4.349;735365,0.154,-1.484,0.251,-13.231,-10.224,-3.585;735385,0.097,-1.693,0.388,-5.241,-1.805,4.383;735405,0.121,-1.703,0.397,1.203,4.572,3.219
2026-05-28T09:36:51.696Z 735429,0.034,-1.668,0.418,2.250,5.974,-1.366;735449,-0.030,-1.622,0.422,-2.244,0.601,-7.524;735469,-0.029,-1.512,0.397,-8.664,-5.971,-11.195;735489,0.020,-1.357,0.350,-5.991,-4.417,-12.955;735512,0.067,-1.137,0.282,-2.264,1.510,-13.179
2026-05-28T09:36:51.825Z 735532,0.068,-0.932,0.204,5.904,12.059,-10.940;735552,0.023,-0.760,0.128,17.112,22.821,-7.292;735572,-0.042,-0.600,0.080,25.193,29.029,-0.544;735592,-0.047,-0.460,0.032,29.846,31.477,6.675;735612,-0.008,-0.382,-0.002,27.191,30.875,11.943
2026-05-28T09:36:51.912Z 735635,0.021,-0.337,0.007,16.109,29.174,14.383;735655,-0.002,-0.312,0.030,6.331,27.288,13.404;735675,-0.039,-0.283,0.055,1.537,23.936,11.776;735695,-0.075,-0.358,-0.089,1.599,5.661,12.726;735715,0.238,-0.823,0.058,-13.372,3.850,-5.165
2026-05-28T09:36:52.033Z 735735,0.024,-1.263,0.074,-15.431,-0.975,1.714;735758,-0.017,-1.508,0.563,-18.326,-4.390,11.629;735778,0.051,-1.648,0.334,10.873,-11.340,4.197;735798,0.071,-1.702,0.367,6.669,-14.271,-0.275;735818,0.105,-1.669,0.455,5.742,-12.167,-0.868
2026-05-28T09:36:52.119Z 735842,0.175,-1.589,0.455,10.466,-2.514,1.575;735862,0.211,-1.499,0.442,11.578,8.080,7.436;735882,0.153,-1.345,0.432,11.993,13.350,12.798;735902,0.039,-1.187,0.373,13.325,11.961,16.213;735922,-0.071,-1.023,0.318,17.259,6.047,16.451
2026-05-28T09:36:52.210Z 735942,-0.092,-0.842,0.241,28.348,-2.715,13.290;735962,-0.052,-0.652,0.183,32.857,-7.051,8.661;735984,0.017,-0.486,0.124,34.136,-6.954,4.187;736004,0.057,-0.364,0.068,31.140,-5.170,0.591;736024,0.048,-0.271,0.034,14.851,-3.460,-1.509
2026-05-28T09:36:52.325Z 736044,0.012,-0.216,0.058,-5.449,-4.031,-1.442;736064,-0.039,-0.212,0.035,-23.977,-7.454,1.337;736084,-0.104,-0.410,-0.174,-21.150,-14.082,8.431;736104,-0.155,-0.875,0.232,-15.359,-6.101,24.569;736124,-0.004,-1.344,0.142,-0.897,-18.342,25.243
2026-05-28T09:36:52.416Z 736144,0.295,-1.582,0.252,-16.088,-24.270,8.628;736164,0.259,-1.771,0.325,2.585,-8.096,16.842;736184,0.246,-1.858,0.330,7.745,5.863,17.668;736204,0.236,-1.827,0.364,10.941,17.435,13.780;736226,0.135,-1.754,0.373,7.744,19.882,6.167
2026-05-28T09:36:52.510Z 736246,0.068,-1.663,0.381,0.421,16.561,-1.073;736266,0.040,-1.518,0.344,-2.169,13.802,-7.064;736286,0.044,-1.338,0.283,-1.578,13.352,-11.729;736306,0.070,-1.103,0.175,4.683,18.784,-13.210;736326,0.084,-0.886,0.127,11.011,27.071,-11.354
2026-05-28T09:36:52.635Z 736346,0.035,-0.677,0.100,23.257,34.867,-7.460;736369,-0.013,-0.530,0.073,33.749,36.027,-0.460;736389,-0.046,-0.412,0.040,35.910,30.065,4.411;736409,-0.045,-0.342,0.033,24.509,22.735,6.366;736429,-0.036,-0.311,0.045,8.528,16.880,5.525
2026-05-28T09:36:52.720Z 736452,-0.016,-0.293,0.069,-5.111,8.635,3.113;736472,0.161,-0.505,-0.221,-2.266,1.316,-3.357;736492,0.264,-0.764,0.050,-29.374,-8.366,-7.991;736512,-0.063,-1.176,0.218,-32.118,-6.443,4.799;736534,-0.049,-1.469,0.311,-15.691,-9.084,5.847
2026-05-28T09:36:52.839Z 736554,0.041,-1.609,0.378,-12.825,-15.476,-1.436;736574,0.032,-1.663,0.424,-12.018,-19.682,-2.832;736594,0.104,-1.625,0.439,-9.666,-21.307,-3.924;736614,0.184,-1.527,0.415,-9.937,-17.287,-0.749;736634,0.214,-1.389,0.373,-10.900,-13.138,4.581
2026-05-28T09:36:52.929Z 736658,0.149,-1.241,0.322,-9.165,-11.240,7.402;736678,0.066,-1.076,0.258,-5.693,-15.167,6.633;736698,0.028,-0.904,0.182,2.970,-19.090,2.887;736718,0.045,-0.713,0.117,13.831,-20.721,-1.651;736738,0.090,-0.552,0.058,20.097,-17.842,-6.323
2026-05-28T09:36:53.025Z 736758,0.100,-0.416,0.017,22.054,-12.264,-10.798;736778,0.060,-0.320,-0.011,17.015,-7.064,-14.071;736798,0.019,-0.270,-0.003,-2.071,-6.902,-13.812;736818,-0.026,-0.248,0.022,-20.877,-10.655,-11.142;736838,-0.082,-0.271,0.038,-32.256,-12.160,-10
2026-05-28T09:36:53.138Z 736859,-0.072,-0.380,-0.098,-24.745,-7.773,-10.920;736879,-0.139,-0.827,-0.280,6.085,-12.265,5.110;736899,-0.051,-1.167,-0.222,21.652,-10.645,-2.332;736919,0.226,-1.284,-0.087,0.441,-13.049,-10.059;736939,0.271,-1.576,0.082,-9.476,-11.787,-7.91
2026-05-28T09:36:53.229Z 736959,0.298,-1.693,0.193,2.263,-2.823,-1.241;736979,0.260,-1.697,0.245,11.088,6.984,-2.453;737002,0.171,-1.650,0.264,13.618,9.178,-4.846;737022,0.098,-1.564,0.263,9.671,5.897,-8.206;737042,0.076,-1.451,0.269,-3.370,-0.371,-11.456
2026-05-28T09:36:53.354Z 737062,0.081,-1.323,0.281,-9.841,-1.982,-14.919;737082,0.119,-1.127,0.227,-6.808,4.578,-15.156;737102,0.109,-0.934,0.153,0.530,14.063,-12.464;737122,0.055,-0.727,0.101,13.460,22.344,-6.614;737142,-0.019,-0.542,0.085,26.254,25.813,1.967
2026-05-28T09:36:53.441Z 737162,-0.058,-0.429,0.036,29.723,24.615,9.737;737182,-0.041,-0.342,-0.005,20.659,17.535,15.265;737205,-0.009,-0.303,-0.009,3.159,8.505,16.505;737225,0.017,-0.265,0.016,-13.684,3.027,14.446;737245,0.027,-0.276,0.056,-25.310,0.944,12.239
2026-05-28T09:36:53.554Z 737265,0.417,-0.835,-0.441,12.728,4.949,-8.100;737285,0.574,-0.911,-0.152,3.650,0.536,-29.398;737305,0.188,-1.226,-0.075,2.535,0.300,-8.039;737325,0.066,-1.439,-0.125,22.076,-2.840,-5.188;737345,0.133,-1.550,-0.028,19.397,-10.150,-10.254
2026-05-28T09:36:53.648Z 737365,0.161,-1.601,0.099,13.191,-18.076,-12.012;737385,0.174,-1.613,0.221,12.265,-21.892,-11.161;737405,0.219,-1.508,0.220,16.743,-16.979,-7.799;737425,0.239,-1.369,0.189,17.307,-12.518,-1.647;737445,0.215,-1.224,0.184,15.178,-9.496,3.223
2026-05-28T09:36:53.740Z 737465,0.141,-1.074,0.151,14.797,-8.658,5.862;737485,0.075,-0.907,0.130,16.413,-13.136,5.476;737509,0.055,-0.747,0.068,19.829,-18.792,4.034;737529,0.081,-0.586,0.027,21.249,-18.491,1.036;737549,0.118,-0.452,-0.030,23.656,-11.597,-3.152
2026-05-28T09:36:53.863Z 737569,0.123,-0.337,-0.057,22.314,-5.573,-5.697;737593,0.081,-0.270,-0.033,9.161,-3.172,-5.540;737613,0.014,-0.239,-0.012,-1.670,-0.782,-4.746;737633,-0.076,-0.339,-0.163,-8.890,4.608,-4.635;737653,-0.220,-0.723,-0.356,4.784,-1.997,18.421
2026-05-28T09:36:53.950Z 737677,0.067,-1.156,-0.298,7.747,-4.966,19.682;737697,0.367,-1.246,-0.227,-17.969,-6.995,10.740;737717,0.307,-1.539,-0.057,1.462,5.443,17.669;737737,0.328,-1.617,0.011,12.394,16.703,17.736;737757,0.290,-1.631,0.098,16.403,25.779,10.659
2026-05-28T09:36:54.043Z 737777,0.196,-1.608,0.156,16.012,28.833,1.089;737797,0.126,-1.554,0.183,12.905,27.969,-7.191;737817,0.090,-1.471,0.190,4.881,24.012,-13.250;737837,0.079,-1.319,0.183,1.265,20.950,-18.034;737857,0.082,-1.133,0.155,2.311,20.426,-20.878
2026-05-28T09:36:54.164Z 737877,0.063,-0.940,0.089,8.373,23.972,-20.278;737897,0.031,-0.733,0.062,17.124,30.118,-15.743;737917,0.003,-0.545,0.009,29.662,33.766,-5.835;737937,-0.007,-0.444,-0.043,34.175,35.861,3.558;737957,0.007,-0.386,-0.078,25.890,34.583,10.079
2026-05-28T09:36:54.280Z 737977,0.023,-0.349,-0.070,11.396,29.313,13.373;737997,0.025,-0.319,-0.054,-0.128,21.941,13.663;738019,0.036,-0.528,-0.371,-5.272,11.966,10.615;738039,0.299,-0.801,-0.111,-23.955,-5.914,-7.244;738062,0.063,-1.135,-0.126,-14.273,-6.355,-0.870
2026-05-28T09:36:54.366Z 738083,-0.093,-1.387,0.384,-25.948,-3.992,-2.162;738103,-0.040,-1.491,0.472,-18.110,-6.945,-9.584;738123,-0.028,-1.521,0.409,-12.994,-10.609,-11.566;738143,-0.006,-1.528,0.433,-23.817,-16.461,-10.382;738163,0.040,-1.487,0.475,-25.316,-17.160,-7
2026-05-28T09:36:54.464Z 738183,0.070,-1.398,0.488,-24.174,-16.517,-2.303;738203,0.078,-1.255,0.440,-18.497,-16.045,3.460;738223,0.079,-1.083,0.345,-10.367,-16.449,6.367;738245,0.081,-0.914,0.246,-0.892,-16.563,5.512;738265,0.082,-0.755,0.143,11.958,-15.287,0.458
2026-05-28T09:36:54.553Z 738285,0.095,-0.584,0.050,24.428,-12.408,-6.947;738305,0.107,-0.405,0.015,31.824,-2.152,-15.239;738325,0.098,-0.269,0.014,28.588,8.260,-21.023;738347,0.055,-0.236,-0.008,1.998,12.697,-23.778;738367,0.021,-0.229,-0.002,-31.664,8.651,-20.654
2026-05-28T09:36:54.669Z 738387,-0.049,-0.261,-0.049,-46.625,13.890,-19.309;738407,-0.176,-0.448,-0.188,-22.978,25.960,-14.299;738427,-0.244,-0.749,0.440,-34.033,15.438,31.700;738447,-0.104,-1.012,0.226,-7.578,6.439,20.800;738467,0.158,-1.260,0.288,-32.717,-5.550,0.640
2026-05-28T09:36:54.755Z 738490,0.236,-1.580,0.423,-23.790,-1.431,4.561;738510,0.198,-1.686,0.412,-5.638,16.206,7.455;738530,0.214,-1.663,0.450,7.101,27.188,3.698;738550,0.122,-1.574,0.437,11.300,26.744,-2.422;738570,0.042,-1.526,0.449,7.234,16.791,-8.760
2026-05-28T09:36:54.907Z 738590,0.023,-1.472,0.433,-0.992,0.439,-14.148;738610,0.015,-1.344,0.399,-8.717,-11.593,-18.306;738630,0.020,-1.198,0.368,-13.626,-18.222,-19.983;738650,0.047,-0.996,0.306,-11.124,-18.931,-17.723;738670,0.031,-0.772,0.216,-0.209,-14.425,-10.708
2026-05-28T09:36:54.974Z 738691,0.004,-0.574,0.145,16.055,-8.315,-1.926;738711,-0.021,-0.417,0.103,27.892,-6.620,8.149;738731,-0.016,-0.313,0.055,32.552,-9.527,15.047;738751,0.025,-0.271,0.008,19.448,-13.811,16.997;738771,0.064,-0.254,-0.018,-0.535,-20.015,14.828
2026-05-28T09:36:55.064Z 738791,0.073,-0.234,-0.005,-20.504,-22.360,8.366;738811,0.057,-0.219,0.023,-28.433,-19.454,2.160;738831,0.046,-0.247,0.025,-33.397,-24.858,1.460;738851,0.376,-0.767,-0.344,3.427,-10.647,-23.379;738871,0.057,-1.237,-0.444,-0.136,-10.341,-12.498
2026-05-28T09:36:55.180Z 738891,-0.315,-1.512,-0.269,-12.969,-2.839,8.114;738911,-0.171,-1.626,-0.106,23.675,-4.253,6.077;738931,-0.092,-1.706,0.032,23.081,-22.008,2.568;738951,-0.101,-1.746,0.185,25.212,-37.219,1.539;738971,-0.063,-1.678,0.210,32.820,-43.822,3.414
2026-05-28T09:36:55.275Z 738991,0.030,-1.602,0.221,36.750,-47.365,5.953;739011,0.104,-1.452,0.211,30.542,-49.919,10.032;739031,0.121,-1.293,0.217,22.463,-52.713,11.687;739051,0.114,-1.128,0.202,20.128,-56.717,10.643;739071,0.086,-0.967,0.127,21.632,-59.855,7.212
2026-05-28T09:36:55.360Z 739091,0.085,-0.789,0.068,25.226,-60.068,1.820;739115,0.123,-0.579,0.019,33.399,-54.711,-2.982;739137,0.126,-0.413,-0.023,38.863,-45.250,-8.050;739157,0.068,-0.310,-0.044,37.620,-38.719,-11.987;739177,-0.020,-0.261,-0.059,9.986,-42.442,-11.858
2026-05-28T09:36:55.477Z 739197,-0.057,-0.259,-0.045,-21.917,-49.488,-9.964;739217,-0.020,-0.296,0.004,-48.942,-57.180,-7.012;739237,-0.035,-0.742,-0.130,-12.130,-56.724,1.418;739257,-0.051,-0.995,0.132,-0.038,-60.859,17.802;739277,0.081,-1.038,0.061,11.640,-64.740,9.5
2026-05-28T09:36:55.566Z 739297,0.197,-1.274,0.169,-3.839,-74.831,6.467;739317,0.183,-1.464,0.343,-5.213,-78.109,17.232;739337,0.207,-1.529,0.444,2.005,-70.100,18.584;739357,0.209,-1.528,0.469,6.941,-64.300,16.559;739377,0.164,-1.473,0.440,8.445,-64.909,14.599
2026-05-28T09:36:55.663Z 739397,0.123,-1.390,0.435,5.302,-68.475,12.347;739417,0.111,-1.251,0.389,3.435,-73.191,9.062;739437,0.131,-1.085,0.335,1.547,-74.801,6.083;739457,0.168,-0.925,0.271,1.141,-71.921,5.315;739477,0.201,-0.762,0.209,3.203,-64.392,7.171
2026-05-28T09:36:55.780Z 739497,0.180,-0.615,0.128,12.235,-54.962,13.218;739517,0.137,-0.482,0.075,24.170,-45.903,17.920;739537,0.109,-0.370,0.031,31.018,-39.979,20.418;739557,0.100,-0.297,-0.003,29.020,-35.410,19.962;739577,0.120,-0.268,-0.022,12.555,-31.802,14.605
2026-05-28T09:36:55.880Z 739600,0.202,-0.364,-0.178,-7.291,-34.163,9.642;739620,0.320,-0.384,0.219,-39.742,-31.392,-16.261;739640,-0.007,-0.772,0.081,-31.950,-29.054,-7.482;739662,-0.320,-1.191,0.425,-41.751,-11.961,12.514;739682,-0.216,-1.370,0.279,-8.627,-27.489,3.99
2026-05-28T09:36:55.994Z 739702,-0.160,-1.527,0.328,-7.534,-35.249,-0.597;739726,-0.160,-1.597,0.439,-6.276,-44.674,0.742;739746,-0.088,-1.562,0.469,-0.903,-48.300,6.645;739766,-0.003,-1.490,0.472,0.056,-50.311,13.391;739786,0.058,-1.403,0.471,-1.353,-53.128,17.831
2026-05-28T09:36:56.106Z 739806,0.091,-1.291,0.436,-2.002,-56.145,20.749;739826,0.076,-1.141,0.384,-2.562,-59.754,20.246;739846,0.061,-0.963,0.319,0.825,-65.265,18.170;739866,0.076,-0.780,0.227,10.470,-68.403,15.767;739886,0.101,-0.584,0.143,22.037,-67.288,12.327
2026-05-28T09:36:56.168Z 739906,0.108,-0.426,0.064,30.606,-59.557,9.344;739928,0.083,-0.308,0.025,28.872,-51.036,6.454;739948,0.034,-0.256,0.005,13.811,-51.419,6.602;739968,-0.006,-0.238,0.031,-17.988,-55.608,7.864;739988,-0.037,-0.271,0.039,-42.939,-61.842,9.752
2026-05-28T09:36:56.292Z 740008,-0.022,-0.411,-0.033,-51.467,-66.967,13.000;740028,-0.071,-0.761,0.069,-34.170,-56.977,23.958;740052,0.075,-0.933,0.040,-15.669,-66.503,15.813;740072,0.274,-1.181,0.159,-18.125,-68.035,10.740;740096,0.311,-1.391,0.286,-16.560,-60.247,17.
2026-05-28T09:36:56.406Z 740116,0.330,-1.485,0.345,-10.176,-51.347,20.282;740136,0.276,-1.496,0.386,-8.027,-44.304,17.627;740156,0.208,-1.479,0.433,-9.716,-41.367,12.752;740178,0.180,-1.406,0.424,-10.117,-42.687,6.840;740198,0.155,-1.293,0.391,-7.647,-40.029,1.994
2026-05-28T09:36:56.501Z 740218,0.140,-1.141,0.348,-5.557,-35.068,-1.017;740238,0.158,-0.957,0.277,-2.151,-26.915,-0.499;740258,0.164,-0.775,0.200,4.187,-14.024,4.465;740278,0.135,-0.609,0.114,16.111,-2.958,9.081;740298,0.074,-0.460,0.062,29.826,1.185,13.643
2026-05-28T09:36:56.592Z 740318,0.007,-0.367,0.018,29.856,-2.893,17.348;740342,-0.011,-0.306,0.025,20.196,-9.317,17.530;740362,0.018,-0.284,0.020,3.882,-16.662,13.707;740382,0.303,-0.593,-0.360,-15.697,-32.474,8.320;740402,0.341,-0.573,0.034,-63.678,-41.610,-15.429
2026-05-28T09:36:56.679Z 740422,0.043,-0.917,0.165,-62.705,-36.962,-0.426;740446,0.051,-1.310,0.551,-53.483,-32.150,-0.407;740466,0.141,-1.446,0.584,-41.935,-33.919,-6.885;740486,0.132,-1.507,0.650,-34.473,-34.196,-6.726;740506,0.158,-1.534,0.640,-21.520,-31.621,-4.392
2026-05-28T09:36:56.806Z 740526,0.217,-1.480,0.601,-16.956,-24.607,2.329;740546,0.231,-1.400,0.571,-15.959,-19.058,7.490;740566,0.199,-1.286,0.523,-11.799,-16.602,10.286;740586,0.152,-1.118,0.432,-3.950,-18.946,10.072;740606,0.110,-0.956,0.333,4.773,-22.393,8.123
2026-05-28T09:36:56.923Z 740630,0.100,-0.801,0.239,15.071,-24.610,4.179;740650,0.094,-0.636,0.146,23.027,-23.931,-2.224;740670,0.083,-0.480,0.098,26.879,-21.211,-8.358;740690,0.058,-0.357,0.075,26.299,-18.212,-12.124;740710,0.029,-0.291,0.060,17.868,-16.460,-12.659
2026-05-28T09:36:57.038Z 740730,0.014,-0.250,0.045,7.827,-16.399,-11.765;740750,-0.024,-0.294,-0.052,-2.438,-15.129,-8.994;740770,-0.025,-0.396,-0.156,-0.022,-17.721,0.986;740793,-0.021,-0.937,-0.057,-1.145,-8.856,8.937;740813,0.193,-1.097,-0.004,-2.520,-17.122,-4.196
2026-05-28T09:36:57.097Z 740833,0.372,-1.390,0.110,-5.072,-10.654,-3.064;740853,0.318,-1.586,0.194,2.180,3.991,5.576;740873,0.320,-1.650,0.217,5.836,12.483,7.258;740893,0.260,-1.646,0.241,6.901,17.010,4.554;740913,0.177,-1.609,0.264,2.762,13.854,-0.413
2026-05-28T09:36:57.217Z 740933,0.107,-1.531,0.268,-7.283,9.167,-4.674;740955,0.070,-1.411,0.275,-15.447,5.631,-9.412;740975,0.068,-1.261,0.271,-19.035,5.180,-13.017;740995,0.088,-1.055,0.209,-13.488,7.983,-13.989;741015,0.067,-0.846,0.120,-1.275,17.342,-10.467
2026-05-28T09:36:57.313Z 741035,0.038,-0.642,0.055,14.828,26.139,-4.381;741055,-0.014,-0.497,0.010,28.891,29.167,4.911;741075,-0.027,-0.382,-0.036,35.773,26.403,13.497;741095,0.001,-0.322,-0.047,29.052,20.959,16.419;741115,0.025,-0.287,-0.040,14.577,17.193,11.797
2026-05-28T09:36:57.398Z 741135,0.022,-0.273,-0.025,-8.593,11.767,7.274;741155,0.025,-0.299,-0.026,-27.675,5.278,3.924;741175,0.183,-0.756,-0.446,-27.607,8.258,-18.088;741195,0.303,-0.901,0.023,-17.615,3.815,-34.817;741215,0.023,-1.268,0.085,-22.636,3.792,-13.899
2026-05-28T09:36:57.519Z 741235,0.080,-1.506,0.063,0.022,2.921,-13.829;741258,0.133,-1.617,0.142,-1.025,-3.367,-21.150;741278,0.159,-1.656,0.258,-3.435,-8.053,-19.764;741298,0.204,-1.607,0.308,2.857,-7.120,-18.452;741318,0.247,-1.524,0.314,6.988,-3.626,-14.460
2026-05-28T09:36:57.644Z 741338,0.241,-1.391,0.295,6.489,-1.315,-8.462;741361,0.207,-1.252,0.272,6.743,-0.907,-4.023;741381,0.132,-1.084,0.223,10.382,-1.961,-2.665;741403,0.064,-0.914,0.179,17.376,-2.665,-3.292;741423,0.057,-0.718,0.099,25.380,-2.796,-5.986
2026-05-28T09:36:57.732Z 741443,0.079,-0.523,0.033,30.399,2.640,-9.100;741463,0.101,-0.359,-0.029,33.081,9.056,-11.711;741483,0.076,-0.263,-0.049,24.072,11.826,-13.178;741503,0.043,-0.220,-0.046,2.059,7.892,-12.136;741527,-0.016,-0.222,-0.028,-23.903,3.183,-9.616
2026-05-28T09:36:57.822Z 741547,-0.061,-0.263,-0.019,-36.870,5.150,-9.157;741567,-0.098,-0.647,-0.227,-11.427,0.505,0.961;741587,0.005,-1.122,-0.157,0.102,-6.364,1.867;741607,0.233,-1.334,-0.125,-11.275,-11.626,-12.528;741627,0.278,-1.627,0.059,-14.052,-3.904,-2.590
2026-05-28T09:36:57.932Z 741647,0.268,-1.761,0.220,-1.599,4.070,2.511;741667,0.289,-1.786,0.268,4.720,10.180,2.141;741687,0.183,-1.709,0.291,8.407,11.170,-2.471;741707,0.081,-1.614,0.276,5.324,5.421,-8.082;741727,0.023,-1.500,0.269,-4.429,-4.593,-13.674
2026-05-28T09:36:58.058Z 741747,0.017,-1.372,0.273,-11.372,-12.721,-18.076;741768,0.060,-1.198,0.254,-8.916,-13.486,-20.055;741788,0.100,-1.010,0.187,-1.408,-7.005,-19.679;741808,0.101,-0.814,0.133,9.479,4.511,-13.968;741828,0.048,-0.630,0.050,29.187,15.232,-8.084
2026-05-28T09:36:58.116Z 741852,-0.011,-0.500,0.025,44.978,19.210,-0.439;741872,-0.025,-0.402,0.013,44.997,18.205,5.482;741892,-0.002,-0.330,-0.011,34.503,14.421,7.957;741912,0.011,-0.281,0.008,17.819,9.466,5.491;741932,0.018,-0.238,0.028,4.453,5.327,2.012
2026-05-28T09:36:58.270Z 741952,0.102,-0.402,-0.292,6.413,-4.417,-1.907;741975,0.235,-0.702,0.046,-23.535,-18.503,-23.046;741995,-0.175,-1.135,0.131,-23.511,-12.798,-6.456;742015,-0.120,-1.439,0.320,-10.609,-15.877,-11.387;742035,-0.054,-1.591,0.384,-15.024,-19.154,-15
2026-05-28T09:36:58.333Z 742057,-0.039,-1.630,0.424,-16.368,-21.655,-14.133;742077,0.036,-1.590,0.442,-13.446,-17.866,-11.837;742097,0.115,-1.486,0.421,-12.253,-10.005,-5.466;742117,0.129,-1.336,0.408,-11.029,-3.377,2.378;742137,0.079,-1.166,0.346,-3.341,0.471,7.354
2026-05-28T09:36:58.423Z 742157,0.005,-1.001,0.254,6.837,0.217,7.035;742177,-0.041,-0.834,0.179,14.885,-1.207,5.438;742197,-0.022,-0.652,0.086,19.418,-4.157,1.553;742217,0.019,-0.479,0.056,20.973,-4.595,-2.604;742237,0.035,-0.337,0.017,20.821,-3.027,-5.969
2026-05-28T09:36:58.537Z 742257,0.024,-0.249,0.022,10.895,-1.932,-8.188;742277,0.025,-0.208,0.046,-8.226,-4.261,-8.156;742297,-0.007,-0.213,0.025,-24.378,-5.004,-9.055;742317,-0.057,-0.268,-0.036,-33.612,-1.736,-10.826;742340,-0.154,-0.813,-0.139,-21.447,-15.144,10.170
2026-05-28T09:36:58.634Z 742360,0.023,-1.291,0.064,-10.833,-19.007,1.968;742383,0.221,-1.476,0.054,-29.084,-23.086,-9.678;742403,0.275,-1.825,0.180,-25.243,-17.994,-6.583;742423,0.295,-1.934,0.318,-16.879,-6.405,3.820;742443,0.338,-1.960,0.357,-15.684,2.146,7.415
2026-05-28T09:36:58.755Z 742463,0.295,-1.917,0.378,-10.209,9.990,6.008;742486,0.191,-1.799,0.358,-8.834,10.991,0.350;742506,0.103,-1.661,0.318,-12.883,5.836,-5.225;742526,0.055,-1.500,0.302,-25.406,-0.871,-10.553;742546,0.047,-1.284,0.314,-30.458,-5.053,-12.897
2026-05-28T09:36:58.843Z 742566,0.056,-1.073,0.305,-26.036,-4.945,-11.212;742586,0.065,-0.879,0.219,-14.000,0.393,-5.621;742606,0.063,-0.693,0.119,0.249,9.233,1.960;742627,0.037,-0.541,0.057,16.691,14.696,9.238;742647,0.029,-0.447,0.011,28.350,14.048,15.686
2026-05-28T09:36:58.958Z 742667,0.035,-0.386,-0.031,15.895,7.482,18.740;742687,0.037,-0.373,-0.040,-6.393,-1.367,18.141;742707,0.012,-0.358,-0.030,-21.575,-7.855,14.385;742727,-0.012,-0.333,-0.017,-24.601,-10.146,8.440;742747,0.029,-0.394,-0.102,-19.647,-10.803,3.356
2026-05-28T09:36:59.052Z 742769,0.224,-0.471,-0.284,7.653,-7.498,-7.628;742789,0.397,-0.700,0.072,-11.595,-17.570,-25.009;742809,0.215,-1.159,0.029,-7.091,-15.219,-12.541;742829,0.148,-1.369,0.624,-15.970,-8.441,-7.285;742849,0.161,-1.576,0.372,13.223,-7.788,-10.386
2026-05-28T09:36:59.139Z 742869,0.162,-1.637,0.413,14.288,-9.870,-9.797;742893,0.156,-1.647,0.516,16.851,-7.465,-7.609;742913,0.196,-1.581,0.490,19.734,-2.500,-3.709;742933,0.211,-1.431,0.434,18.834,0.201,1.005;742953,0.177,-1.249,0.369,19.286,-0.067,3.242
2026-05-28T09:36:59.287Z 742973,0.113,-1.072,0.314,23.333,-2.227,2.834;742995,0.101,-0.877,0.205,27.569,-7.597,-0.860;743015,0.120,-0.689,0.126,27.719,-10.211,-7.031;743035,0.133,-0.518,0.083,27.113,-8.505,-13.074;743055,0.125,-0.391,0.035,25.738,-4.410,-18.257
2026-05-28T09:36:59.350Z 743075,0.093,-0.348,0.007,7.155,-4.298,-18.760;743095,0.046,-0.316,0.011,-16.156,-6.573,-16.665;743115,-0.012,-0.295,0.018,-31.979,-5.478,-14.905;743135,-0.038,-0.349,-0.031,-34.690,-2.193,-12.525;743155,-0.142,-0.896,-0.231,-0.345,-3.164,8.230
2026-05-28T09:36:59.477Z 743175,-0.021,-1.362,0.090,3.277,-3.742,24.785;743195,0.174,-1.435,0.091,-19.169,-14.222,6.659;743215,0.247,-1.710,0.329,-35.455,-14.424,7.394;743238,0.160,-1.887,0.538,-23.930,3.258,12.703;743258,0.151,-1.890,0.448,-5.042,14.497,12.314
2026-05-28T09:36:59.564Z 743278,0.043,-1.768,0.390,-1.127,14.712,5.700;743298,-0.033,-1.639,0.336,-7.074,6.564,-1.110;743318,-0.072,-1.508,0.325,-17.374,-1.709,-7.309;743338,-0.064,-1.362,0.327,-26.697,-8.474,-12.298;743358,-0.025,-1.187,0.328,-28.213,-11.936,-13.420
2026-05-28T09:36:59.651Z 743378,-0.018,-0.996,0.267,-15.797,-8.379,-9.263;743400,-0.036,-0.813,0.187,1.972,-2.215,-1.906;743420,-0.053,-0.628,0.092,23.200,1.843,6.507;743440,-0.066,-0.469,0.028,41.894,4.314,13.658;743460,-0.031,-0.355,0.020,49.197,4.646,18.685
2026-05-28T09:36:59.741Z 743480,0.032,-0.273,-0.015,41.460,3.043,18.420;743502,0.072,-0.233,-0.040,18.002,0.911,12.195;743522,0.085,-0.200,-0.024,-6.891,1.315,3.492;743542,0.094,-0.216,-0.025,-26.173,-0.824,-2.395;743562,0.198,-0.650,-0.542,-20.059,-15.284,-4.026
2026-05-28T09:36:59.860Z 743583,0.315,-0.952,0.048,-22.781,-22.110,-10.316;743603,-0.061,-1.286,0.157,-33.033,-22.987,4.115;743623,0.037,-1.498,0.606,-15.746,-20.042,7.008;743643,0.125,-1.660,0.759,-21.935,-29.396,-1.477;743663,0.118,-1.715,0.806,-14.552,-34.325,-2.448
2026-05-28T09:36:59.951Z 743683,0.127,-1.711,0.830,-5.585,-36.345,-3.879;743703,0.204,-1.612,0.751,-0.307,-31.058,-1.999;743723,0.270,-1.497,0.656,-0.353,-26.527,1.709;743743,0.284,-1.341,0.578,0.817,-21.596,2.791;743766,0.219,-1.151,0.480,6.096,-19.153,0.642
2026-05-28T09:37:00.070Z 743786,0.145,-0.979,0.384,8.368,-24.941,-3.670;743806,0.110,-0.807,0.275,8.294,-32.278,-8.149;743826,0.124,-0.630,0.192,11.353,-34.641,-11.757;743846,0.163,-0.464,0.102,14.978,-32.952,-14.861;743866,0.164,-0.348,0.082,13.647,-28.860,-17.492
2026-05-28T09:37:00.162Z 743890,0.098,-0.281,0.080,5.539,-28.157,-19.192;743910,0.027,-0.272,0.060,-11.021,-30.974,-20.882;743930,-0.014,-0.331,-0.017,-30.562,-33.936,-21.294;743950,0.024,-0.448,-0.295,-27.754,-42.624,-6.653;743970,-0.066,-0.941,0.152,-36.793,-32.870,2
2026-05-28T09:37:00.250Z 743990,0.081,-1.065,0.108,-19.555,-37.818,10.055;744010,0.292,-1.293,0.164,-26.116,-35.835,1.984;744030,0.260,-1.529,0.301,-14.645,-21.909,16.412;744050,0.221,-1.621,0.327,-2.158,-13.248,22.925;744074,0.157,-1.596,0.355,1.654,-11.215,19.194
2026-05-28T09:37:00.370Z 744095,0.105,-1.565,0.373,-1.295,-17.626,13.865;744115,0.076,-1.511,0.385,-4.799,-25.429,9.259;744135,0.066,-1.427,0.372,-7.668,-29.900,4.650;744155,0.063,-1.315,0.330,-6.335,-33.050,-0.046;744175,0.057,-1.130,0.271,-5.742,-33.412,-2.075
2026-05-28T09:37:00.491Z 744195,0.063,-0.921,0.219,-1.878,-32.749,-0.169;744215,0.067,-0.724,0.190,6.113,-29.237,3.797;744235,0.065,-0.529,0.117,19.817,-24.421,10.462;744255,0.061,-0.412,0.058,25.725,-22.507,15.418;744275,0.074,-0.320,0.001,26.599,-24.120,17.912
2026-05-28T09:37:00.607Z 744295,0.084,-0.249,-0.026,21.264,-25.986,14.552;744315,0.095,-0.201,-0.025,6.218,-27.765,8.291;744335,0.099,-0.159,-0.016,-12.668,-31.345,3.186;744355,0.102,-0.132,0.024,-28.758,-36.440,2.396;744375,0.581,-0.712,-0.510,9.796,-38.856,-13.971
2026-05-28T09:37:00.667Z 744395,0.261,-1.069,-0.539,20.531,-31.288,-9.484;744415,0.013,-1.373,0.007,2.739,-32.510,8.818;744435,0.103,-1.611,-0.075,26.058,-39.160,4.908;744455,0.178,-1.766,0.130,15.173,-55.469,3.502;744475,0.163,-1.784,0.322,8.018,-66.512,7.471
2026-05-28T09:37:00.763Z 744495,0.152,-1.732,0.360,18.085,-67.640,12.127;744515,0.222,-1.626,0.319,22.953,-68.096,17.539;744535,0.295,-1.465,0.266,17.459,-67.531,21.618;744555,0.320,-1.303,0.229,12.039,-64.671,19.209;744575,0.310,-1.135,0.210,10.306,-64.876,13.995
2026-05-28T09:37:00.879Z 744595,0.274,-0.961,0.134,15.123,-66.681,6.982;744616,0.241,-0.787,0.021,20.206,-66.859,0.257;744636,0.217,-0.605,-0.024,22.037,-62.571,-5.534;744656,0.177,-0.469,-0.066,20.553,-54.769,-10.198;744676,0.127,-0.367,-0.046,13.314,-48.815,-12.527
2026-05-28T09:37:01.004Z 744700,0.094,-0.331,-0.039,-3.963,-49.348,-10.562;744723,0.049,-0.325,-0.014,-21.176,-51.009,-7.531;744743,0.026,-0.337,0.010,-29.169,-51.680,-4.614;744763,0.024,-0.550,-0.100,-14.393,-53.331,2.673;744783,-0.066,-1.007,0.219,-8.124,-45.661,21.3
2026-05-28T09:37:01.087Z 744803,0.011,-1.157,0.218,1.179,-54.348,12.823;744823,0.144,-1.418,0.360,2.870,-52.888,15.877;744844,0.179,-1.572,0.444,5.653,-52.700,21.334;744864,0.218,-1.660,0.492,8.797,-51.332,22.281;744884,0.198,-1.650,0.509,12.055,-49.336,16.731
2026-05-28T09:37:01.204Z 744904,0.142,-1.603,0.479,10.585,-51.805,9.770;744924,0.112,-1.511,0.437,5.711,-54.938,3.063;744944,0.098,-1.386,0.393,-0.300,-55.633,-1.008;744964,0.104,-1.216,0.357,-6.636,-54.191,-3.346;744984,0.116,-1.033,0.329,-10.292,-50.365,-3.884
2026-05-28T09:37:01.272Z 745004,0.124,-0.853,0.278,-4.766,-40.705,-1.404;745025,0.106,-0.703,0.180,5.553,-29.802,3.572;745045,0.088,-0.564,0.112,14.141,-20.205,10.228;745065,0.064,-0.449,0.059,24.141,-16.597,15.751;745085,0.049,-0.374,0.036,28.751,-16.451,16.410
2026-05-28T09:37:01.399Z 745105,0.039,-0.308,0.029,19.769,-17.884,14.765;745126,0.035,-0.261,0.048,3.583,-18.470,10.310;745146,0.043,-0.331,-0.035,-18.039,-21.824,6.666;745166,0.215,-0.441,-0.201,-5.198,-17.342,-3.253;745186,0.036,-0.951,-0.132,1.505,-21.918,-6.840
2026-05-28T09:37:01.480Z 745206,-0.197,-1.271,-0.124,-18.194,-28.427,4.673;745226,-0.213,-1.427,0.374,-15.950,-29.235,0.540;745246,-0.114,-1.548,0.429,-0.475,-36.220,-1.756;745266,-0.072,-1.586,0.486,5.923,-39.256,1.819;745286,-0.003,-1.582,0.522,11.471,-33.587,8.246
2026-05-28T09:37:01.569Z 745306,0.078,-1.563,0.499,17.596,-25.821,14.938;745326,0.133,-1.471,0.451,15.726,-19.531,22.406;745346,0.133,-1.323,0.408,14.365,-17.645,24.495;745366,0.090,-1.162,0.362,16.376,-20.482,22.080;745386,0.058,-0.988,0.289,24.494,-28.259,15.839
2026-05-28T09:37:01.691Z 745406,0.052,-0.830,0.158,32.813,-31.976,8.941;745426,0.096,-0.626,0.078,37.944,-30.164,2.944;745446,0.099,-0.476,0.031,39.118,-23.708,-2.338;745466,0.066,-0.374,-0.002,32.225,-18.458,-5.322;745486,0.036,-0.310,0.012,15.828,-17.731,-5.612
2026-05-28T09:37:01.811Z 745506,0.003,-0.297,0.013,-6.211,-22.139,-2.715;745526,-0.055,-0.388,-0.105,-16.074,-22.352,1.107;745546,-0.155,-0.585,-0.079,-9.753,-19.366,19.584;745566,-0.154,-0.892,-0.069,2.604,-20.480,20.042;745586,0.155,-0.986,-0.039,-3.481,-34.107,5.235
2026-05-28T09:37:01.868Z 745606,0.325,-1.344,0.078,-14.531,-37.579,-2.242;745626,0.294,-1.613,0.199,-4.881,-27.209,6.439;745646,0.284,-1.688,0.181,2.489,-16.453,6.553;745666,0.248,-1.674,0.224,2.830,-10.982,2.475;745686,0.165,-1.611,0.249,-0.973,-10.974,-3.029
2026-05-28T09:37:01.992Z 745706,0.115,-1.520,0.254,-5.203,-11.232,-8.834;745726,0.101,-1.399,0.245,-7.426,-9.968,-14.047;745746,0.119,-1.213,0.205,-5.964,-6.761,-17.961;745766,0.129,-0.998,0.137,-0.025,0.735,-18.691;745786,0.105,-0.808,0.067,9.061,10.805,-16.067
2026-05-28T09:37:02.084Z 745806,0.037,-0.646,0.006,18.725,20.125,-10.406;745826,-0.009,-0.519,-0.034,25.593,22.426,-1.550;745846,0.002,-0.418,-0.060,29.609,22.101,5.356;745866,0.031,-0.358,-0.040,23.190,20.288,7.262;745886,0.050,-0.320,-0.019,12.855,18.462,5.607
2026-05-28T09:37:02.193Z 745906,0.037,-0.277,0.009,2.211,16.535,2.175;745926,0.045,-0.299,-0.031,-7.359,9.404,0.888;745946,0.225,-0.612,-0.417,-25.005,9.046,-17.377;745966,0.043,-1.120,-0.374,-0.554,7.763,-19.889;745986,-0.283,-1.365,0.068,-9.013,10.773,-6.947
2026-05-28T09:37:02.287Z 746010,-0.247,-1.557,-0.025,14.568,7.848,-9.999;746030,-0.194,-1.662,0.075,9.526,1.736,-9.765;746050,-0.159,-1.671,0.211,2.549,-2.571,-7.263;746070,-0.060,-1.637,0.264,3.742,0.058,-2.626;746090,0.026,-1.529,0.248,1.789,2.109,4.645
2026-05-28T09:37:02.384Z 746110,0.056,-1.387,0.222,-1.446,1.646,11.199;746130,0.016,-1.229,0.181,-0.396,-1.338,12.892;746150,-0.016,-1.062,0.131,4.351,-7.336,11.052;746172,-0.026,-0.906,0.050,10.711,-14.988,5.359;746192,-0.001,-0.728,-0.000,15.477,-17.995,-0.799
2026-05-28T09:37:02.502Z 746212,0.028,-0.546,-0.032,18.996,-15.854,-6.133;746236,0.022,-0.428,-0.062,15.314,-9.841,-9.176;746256,-0.011,-0.364,-0.047,0.630,-9.372,-8.641;746276,-0.046,-0.328,-0.034,-17.226,-16.179,-4.653;746296,-0.088,-0.383,-0.114,-20.456,-14.850,-1.0
2026-05-28T09:37:02.588Z 746319,-0.127,-0.573,-0.262,-1.704,-14.774,6.937;746343,-0.046,-0.988,-0.141,2.103,-9.775,19.391;746363,0.242,-1.055,-0.051,-8.823,-15.761,3.473;746383,0.459,-1.274,0.033,-18.934,-12.253,-0.978;746403,0.229,-1.603,0.308,-12.029,-5.947,9.512
2026-05-28T09:37:02.709Z 746423,0.280,-1.730,0.343,0.844,7.488,11.465;746444,0.228,-1.664,0.339,10.989,16.207,3.269;746464,0.130,-1.613,0.341,6.466,12.961,-5.685;746484,0.078,-1.554,0.320,-9.088,2.804,-14.222;746504,0.076,-1.452,0.336,-18.903,-0.354,-22.089
2026-05-28T09:37:02.804Z 746524,0.105,-1.299,0.352,-18.329,5.852,-27.086;746544,0.139,-1.113,0.266,-4.969,17.526,-29.041;746564,0.128,-0.886,0.178,8.676,31.083,-26.016;746584,0.067,-0.671,0.117,24.486,42.470,-19.040;746604,-0.018,-0.523,0.084,40.167,47.361,-9.313
2026-05-28T09:37:02.892Z 746624,-0.036,-0.422,0.039,35.195,44.074,-2.466;746644,-0.013,-0.361,-0.017,21.429,35.888,1.029;746667,0.017,-0.316,-0.017,4.253,27.933,-0.504;746687,0.048,-0.287,-0.035,-14.348,21.765,-5.960;746707,0.264,-0.835,-0.514,-25.251,10.499,-10.560
2026-05-28T09:37:03.016Z 746729,0.086,-1.291,-0.324,-15.677,2.515,-29.666;746749,-0.265,-1.511,-0.125,-23.754,2.138,-8.706;746769,-0.374,-1.766,-0.096,6.094,5.296,-7.622;746792,-0.238,-1.786,0.057,6.343,-1.669,-15.847;746812,-0.193,-1.780,0.120,-0.157,-13.275,-12.647
2026-05-28T09:37:03.104Z 746832,-0.135,-1.723,0.300,-2.340,-20.100,-7.405;746852,-0.039,-1.635,0.295,10.252,-17.451,-1.832;746872,0.018,-1.477,0.268,12.953,-14.550,7.401;746892,0.040,-1.294,0.240,13.381,-13.979,15.043;746912,0.031,-1.125,0.208,17.609,-15.050,18.349
2026-05-28T09:37:03.224Z 746932,0.015,-0.938,0.141,28.032,-17.827,15.916;746953,0.007,-0.759,0.055,36.114,-19.850,11.123;746973,0.032,-0.559,0.025,39.824,-15.893,4.315;746993,0.047,-0.386,-0.008,40.378,-10.607,-2.660;747013,0.037,-0.277,-0.020,30.376,-7.624,-7.880
2026-05-28T09:37:03.333Z 747033,-0.000,-0.249,-0.020,3.856,-11.543,-9.046;747053,-0.062,-0.297,-0.060,-25.067,-16.230,-7.531;747073,-0.069,-0.414,-0.243,-7.821,-21.550,-0.209;747097,-0.126,-0.906,0.065,-2.638,-14.225,8.259;747117,0.214,-0.914,0.083,-18.319,-22.409,-5.7
2026-05-28T09:37:03.430Z 747137,0.420,-1.239,0.303,-25.148,-17.143,-10.823;747157,0.381,-1.516,0.340,-16.203,-4.391,3.284;747180,0.348,-1.582,0.296,0.473,7.611,4.590;747200,0.232,-1.518,0.281,2.325,10.305,-1.388;747220,0.114,-1.463,0.271,-5.485,0.419,-6.803
2026-05-28T09:37:03.518Z 747240,0.067,-1.402,0.263,-16.427,-8.140,-11.778;747260,0.078,-1.278,0.212,-14.073,-8.274,-17.242;747280,0.108,-1.106,0.174,-10.845,-5.238,-21.131;747300,0.113,-0.907,0.124,-1.024,5.243,-20.055;747320,0.099,-0.698,0.066,15.627,18.308,-15.392
2026-05-28T09:37:03.609Z 747342,0.057,-0.513,0.057,35.219,28.965,-8.403;747362,0.012,-0.413,0.019,43.321,30.691,-1.030;747382,0.006,-0.338,0.009,39.377,28.165,2.736;747406,0.017,-0.280,0.020,24.151,23.803,2.654;747426,0.017,-0.241,0.020,8.809,19.848,-0.518
2026-05-28T09:37:03.741Z 747446,0.060,-0.334,-0.221,-4.899,6.452,0.098;747466,0.322,-0.438,0.250,-60.011,-9.713,-20.895;747486,0.094,-0.973,0.069,-29.971,-12.193,-16.275;747506,-0.210,-1.309,0.658,-32.076,-8.460,-8.933;747526,-0.172,-1.493,0.277,11.563,-9.187,-15.557
2026-05-28T09:37:03.844Z 747546,-0.149,-1.594,0.359,5.480,-13.512,-15.143;747566,-0.111,-1.613,0.412,1.801,-18.032,-11.746;747586,-0.025,-1.560,0.404,2.602,-15.547,-5.832;747606,0.037,-1.499,0.404,-2.100,-9.635,5.223;747626,0.076,-1.379,0.384,-3.735,-6.066,13.375
2026-05-28T09:37:03.909Z 747646,0.046,-1.220,0.339,-0.273,-4.762,16.779;747666,-0.006,-1.022,0.224,13.812,-11.335,13.427;747686,-0.052,-0.835,0.124,28.165,-17.234,8.648;747706,-0.032,-0.640,0.045,37.655,-19.712,4.300;747726,0.009,-0.442,0.039,42.206,-13.404,-2.466
2026-05-28T09:37:04.061Z 747749,0.001,-0.339,0.028,36.094,-7.438,-7.234;747769,-0.011,-0.277,0.021,16.151,-6.140,-9.165;747789,-0.038,-0.253,0.041,-13.554,-13.889,-4.941;747809,-0.103,-0.269,0.086,-32.505,-21.089,-0.312;747832,-0.107,-0.309,0.055,-24.819,-27.813,1.803
2026-05-28T09:37:04.120Z 747852,-0.118,-0.502,-0.302,-0.231,-27.267,6.009;747872,-0.186,-0.717,-0.024,6.038,-24.101,26.103;747892,-0.004,-1.158,-0.069,10.928,-16.678,17.936;747914,0.290,-1.512,0.149,-21.482,-25.135,9.150;747934,0.322,-1.737,0.219,6.038,-6.011,21.651
2026-05-28T09:37:04.242Z 747954,0.341,-1.800,0.264,11.450,8.962,23.529;747974,0.266,-1.691,0.252,20.361,21.708,14.759;747994,0.149,-1.600,0.244,11.970,17.362,6.458;748014,0.060,-1.508,0.245,-4.914,10.858,-1.122;748034,0.073,-1.380,0.271,-12.956,9.485,-7.962
2026-05-28T09:37:04.331Z 748054,0.123,-1.196,0.238,-7.919,14.517,-12.756;748074,0.117,-0.999,0.146,0.401,22.200,-14.774;748098,0.047,-0.810,0.090,11.886,28.602,-9.394;748118,-0.041,-0.636,0.036,24.660,30.665,-1.897;748142,-0.072,-0.498,0.015,29.530,26.477,7.395
2026-05-28T09:37:04.459Z 748162,-0.069,-0.400,-0.006,27.106,20.977,13.535;748182,-0.030,-0.349,0.002,16.585,13.390,16.374;748206,0.136,-0.444,-0.175,-1.109,1.091,12.509;748226,0.255,-0.593,0.117,-43.487,-5.939,-17.432;748246,0.134,-1.076,0.082,-19.862,-4.847,-18.948
2026-05-28T09:37:04.538Z 748266,-0.106,-1.393,0.528,-29.838,2.454,0.132;748286,-0.107,-1.490,0.368,7.066,3.578,-4.467;748306,-0.104,-1.501,0.331,5.173,-3.432,-8.698;748326,-0.088,-1.494,0.368,-3.495,-12.273,-11.424;748346,0.006,-1.414,0.389,-11.091,-12.227,-7.380
2026-05-28T09:37:04.630Z 748366,0.088,-1.325,0.394,-18.784,-9.789,-1.665;748386,0.102,-1.192,0.367,-14.657,-4.493,5.361;748406,0.077,-1.050,0.280,-3.981,-2.895,9.331;748426,0.025,-0.919,0.179,9.379,-4.044,8.690;748446,-0.014,-0.772,0.116,25.477,-4.326,4.316
2026-05-28T09:37:04.751Z 748466,0.008,-0.575,0.075,40.845,-2.185,-1.054;748486,0.040,-0.420,0.070,44.899,1.183,-6.026;748508,0.056,-0.313,0.053,42.155,4.759,-9.297;748528,0.063,-0.277,0.047,22.099,4.384,-12.955;748548,0.065,-0.247,0.047,-2.831,2.884,-15.774
2026-05-28T09:37:04.836Z 748568,0.006,-0.289,-0.017,-21.742,2.699,-17.698;748588,-0.210,-0.694,-0.120,-3.585,-2.119,-1.869;748608,0.008,-1.102,-0.299,27.293,4.241,-4.522;748628,0.295,-1.116,-0.305,20.901,-2.474,-14.588;748648,0.343,-1.501,-0.080,9.654,-0.199,-13.095
2026-05-28T09:37:04.935Z 748668,0.224,-1.705,0.070,18.588,12.264,-3.064;748688,0.238,-1.702,0.088,20.323,20.944,-1.429;748708,0.156,-1.631,0.105,16.890,25.639,-4.153;748728,0.028,-1.540,0.125,6.190,21.400,-8.178;748748,-0.029,-1.421,0.153,-1.724,16.313,-12.233
2026-05-28T09:37:05.052Z 748768,-0.020,-1.259,0.120,1.840,16.741,-14.246;748788,0.018,-1.074,0.063,5.702,20.034,-12.901;748812,0.024,-0.870,0.023,10.797,25.076,-8.315;748832,-0.029,-0.648,0.005,25.621,30.946,-0.603;748852,-0.072,-0.483,-0.027,39.282,32.722,7.465
2026-05-28T09:37:05.142Z 748872,-0.090,-0.367,-0.035,36.787,25.223,15.716;748892,-0.067,-0.321,-0.039,22.919,16.477,20.029;748912,-0.041,-0.303,-0.014,5.492,9.703,18.726;748932,-0.025,-0.284,0.002,-9.239,4.173,14.238;748952,0.094,-0.510,-0.356,-21.275,-8.052,12.340
2026-05-28T09:37:05.259Z 748972,0.329,-0.592,0.108,-43.425,-9.729,-14.345;748992,0.037,-0.922,0.077,-34.851,-7.308,-0.087;749012,-0.113,-1.312,0.468,-35.208,0.252,10.499;749032,-0.078,-1.436,0.448,-25.871,-9.509,-3.737;749052,-0.068,-1.517,0.467,-27.383,-17.869,-6.504
2026-05-28T09:37:05.352Z 749072,-0.038,-1.491,0.494,-23.825,-21.488,-7.014;749092,0.094,-1.398,0.424,-20.837,-17.020,-3.200;749112,0.150,-1.293,0.391,-22.912,-9.477,5.396;749134,0.139,-1.170,0.351,-22.295,-5.410,12.720;749154,0.040,-1.045,0.287,-17.660,-3.344,16.558
2026-05-28T09:37:05.441Z 749174,-0.069,-0.933,0.271,-9.133,-5.552,15.776;749194,-0.072,-0.770,0.157,12.287,-14.891,10.025;749214,-0.041,-0.613,0.024,29.716,-20.815,2.603;749234,0.023,-0.428,-0.008,31.511,-16.978,-4.377;749254,0.069,-0.313,-0.021,25.283,-12.472,-8.249
2026-05-28T09:37:05.557Z 749274,0.092,-0.247,-0.011,12.903,-7.351,-11.199;749294,0.081,-0.228,0.031,-8.890,-8.327,-11.200;749314,-0.007,-0.263,-0.003,-28.531,-11.784,-9.122;749334,-0.184,-0.503,-0.156,-27.465,-11.499,2.480;749354,-0.147,-0.781,0.246,-19.354,-6.231,21.4
2026-05-28T09:37:05.652Z 749374,0.037,-0.987,0.007,4.927,-10.726,2.667;749394,0.214,-1.338,0.141,-10.863,-10.142,-1.471;749415,0.135,-1.596,0.291,0.242,-0.491,8.714;749435,0.186,-1.687,0.291,11.082,12.336,7.563;749455,0.162,-1.642,0.287,17.257,22.168,2.267
2026-05-28T09:37:05.794Z 749475,0.052,-1.540,0.269,10.457,18.843,-4.297;749495,-0.049,-1.415,0.263,-2.235,10.084,-10.137;749515,-0.067,-1.283,0.265,-10.689,8.342,-13.402;749535,-0.042,-1.109,0.235,-4.234,13.536,-14.206;749558,-0.019,-0.916,0.148,4.834,21.457,-11.064
2026-05-28T09:37:05.887Z 749581,-0.045,-0.724,0.067,20.570,28.969,-3.327;749601,-0.090,-0.544,0.028,34.431,34.942,4.420;749621,-0.125,-0.415,-0.006,34.347,31.907,12.672;749641,-0.119,-0.328,-0.033,20.992,23.971,15.740;749661,-0.099,-0.295,-0.015,6.335,17.556,13.789
2026-05-28T09:37:05.951Z 749681,-0.066,-0.255,0.017,-10.692,9.686,9.171;749701,-0.034,-0.271,-0.029,-24.588,-3.971,8.006;749721,0.185,-0.681,0.036,-22.090,2.685,-17.500;749741,-0.030,-1.178,0.008,-6.856,1.678,-29.175;749761,-0.268,-1.409,0.357,-9.142,7.799,-9.007
2026-05-28T09:37:06.041Z 749781,-0.210,-1.583,0.224,11.757,-0.641,-9.048;749801,-0.168,-1.696,0.259,4.876,-9.865,-11.612;749822,-0.151,-1.724,0.353,-4.699,-20.012,-10.510;749842,-0.069,-1.649,0.387,-2.255,-24.499,-9.596;749862,0.027,-1.531,0.375,-3.272,-23.333,-4.392
2026-05-28T09:37:06.161Z 749882,0.072,-1.371,0.335,-7.249,-20.584,5.735;749904,0.057,-1.219,0.319,-8.707,-16.535,13.713;749924,0.018,-1.065,0.260,-2.081,-16.600,15.392;749944,0.003,-0.923,0.188,8.375,-18.404,12.654;749964,-0.001,-0.771,0.122,20.183,-19.690,6.997
2026-05-28T09:37:06.279Z 749984,0.046,-0.574,0.029,31.099,-15.592,0.254;750004,0.084,-0.424,-0.015,33.365,-7.742,-5.328;750024,0.079,-0.314,-0.044,25.696,0.607,-8.212;750044,0.047,-0.269,-0.051,6.580,2.484,-8.320;750064,0.008,-0.247,-0.045,-16.014,-2.668,-4.769
2026-05-28T09:37:06.372Z 750084,-0.085,-0.326,-0.064,-30.659,-6.094,-0.559;750104,-0.219,-0.755,-0.207,4.702,-12.605,18.660;750124,-0.258,-1.034,0.276,4.299,-14.276,45.219;750144,0.061,-1.009,0.257,4.395,-22.517,20.309;750164,0.308,-1.241,0.295,-15.865,-30.620,7.520
2026-05-28T09:37:06.460Z 750184,0.286,-1.503,0.477,1.969,-20.213,21.355;750204,0.300,-1.615,0.465,10.719,-7.852,21.745;750224,0.294,-1.550,0.441,20.967,4.010,13.696;750244,0.200,-1.461,0.411,19.030,5.587,6.725;750264,0.153,-1.358,0.377,10.298,1.655,0.020
2026-05-28T09:37:06.547Z 750284,0.168,-1.217,0.355,2.015,0.903,-6.616;750304,0.190,-1.065,0.311,2.143,7.030,-11.998;750326,0.183,-0.907,0.224,9.347,18.674,-12.193;750346,0.108,-0.722,0.154,19.554,29.285,-8.047;750366,0.027,-0.547,0.093,31.581,35.943,0.230
2026-05-28T09:37:06.673Z 750386,-0.027,-0.428,0.031,38.050,37.647,8.246;750406,-0.025,-0.343,-0.008,28.625,30.755,11.830;750426,0.033,-0.302,0.030,11.285,22.351,9.145;750446,0.115,-0.302,-0.004,-9.835,16.646,0.574;750466,0.301,-0.540,-0.178,-21.406,14.185,-25.929
2026-05-28T09:37:06.760Z 750490,0.111,-0.845,0.029,-29.923,4.349,-50.253;750510,-0.259,-1.188,0.113,-31.267,3.605,-29.235;750530,-0.145,-1.539,0.038,-6.188,10.993,-22.702;750550,-0.096,-1.630,0.201,-9.434,8.300,-28.254;750570,-0.113,-1.672,0.262,-7.964,1.580,-23.312
2026-05-28T09:37:06.852Z 750590,-0.085,-1.652,0.378,-6.788,-3.253,-19.088;750610,-0.022,-1.578,0.386,-7.253,-2.664,-10.417;750630,0.023,-1.488,0.364,-11.704,-2.741,0.131;750650,0.041,-1.354,0.349,-15.808,-4.042,8.764;750670,0.043,-1.206,0.278,-13.565,-7.464,12.421
2026-05-28T09:37:06.972Z 750693,0.046,-1.063,0.203,-8.344,-11.773,11.993;750713,0.051,-0.926,0.102,0.342,-17.048,8.596;750733,0.023,-0.734,0.075,10.792,-16.651,2.734;750753,-0.001,-0.547,0.042,25.607,-9.658,0.256;750773,-0.005,-0.394,0.021,30.655,-0.354,-0.238
2026-05-28T09:37:07.089Z 750793,-0.002,-0.297,0.021,15.831,0.386,2.949;750814,-0.019,-0.249,0.001,-5.697,-3.875,6.294;750834,-0.093,-0.298,-0.047,-29.296,-10.938,9.798;750854,-0.180,-0.537,-0.201,-42.782,-20.915,15.836;750874,-0.219,-1.005,0.140,-35.550,-20.616,34.636
2026-05-28T09:37:07.176Z 750894,0.078,-1.185,0.118,-19.854,-23.850,19.579;750914,0.335,-1.397,0.162,-34.618,-25.390,12.496;750934,0.257,-1.582,0.333,-26.496,-18.066,22.788;750954,0.298,-1.673,0.455,-19.180,-8.316,21.030;750978,0.271,-1.621,0.479,-6.690,2.215,8.924
2026-05-28T09:37:07.266Z 750998,0.180,-1.538,0.456,-9.550,2.569,-3.045;751020,0.109,-1.442,0.421,-16.192,0.563,-11.372;751040,0.075,-1.330,0.401,-20.401,0.827,-16.382;751060,0.096,-1.163,0.341,-16.013,5.290,-18.505;751080,0.105,-0.964,0.255,-7.313,12.516,-15.355
2026-05-28T09:37:07.363Z 751100,0.052,-0.758,0.178,6.336,18.549,-8.128;751120,-0.014,-0.559,0.128,23.138,21.864,1.811;751140,-0.060,-0.436,0.083,33.720,17.284,12.131;751160,-0.053,-0.349,0.046,31.739,9.601,18.124;751180,-0.021,-0.307,0.029,16.403,0.599,17.069
2026-05-28T09:37:07.485Z 751203,-0.005,-0.263,0.061,-1.310,-6.064,12.389;751223,0.028,-0.238,0.091,-16.494,-11.490,6.946;751243,0.410,-0.786,-0.450,9.948,-6.837,-23.548;751263,0.221,-1.257,-0.086,10.278,-15.635,-50.072;751283,-0.199,-1.552,-0.004,12.206,-11.221,-29.901
2026-05-28T09:37:07.571Z 751303,-0.065,-1.735,-0.126,41.027,-1.225,-22.142;751326,0.077,-1.749,-0.038,26.166,-2.140,-28.299;751346,0.065,-1.783,0.143,8.197,-4.281,-24.290;751366,0.054,-1.708,0.188,14.502,2.605,-19.730;751386,0.052,-1.591,0.213,14.076,7.707,-12.830
2026-05-28T09:37:07.733Z 751408,0.062,-1.438,0.191,8.064,11.019,-4.657;751428,0.054,-1.279,0.199,2.387,13.944,3.115;751450,0.017,-1.100,0.151,4.537,14.919,8.136;751470,-0.013,-0.926,0.108,12.261,11.555,8.266;751490,-0.041,-0.739,0.076,23.340,5.546,5.217
