2026-05-28T09:34:45.233Z 608960,0.004,-0.368,-0.038,2.882,-12.905,4.073;608980,0.091,-0.499,-0.118,2.559,-17.653,-2.576;609000,0.246,-0.893,0.063,1.443,-23.153,-14.674;609021,0.155,-1.079,0.075,3.415,-22.408,-9.895;609041,0.100,-1.241,0.517,-9.237,-13.417,-1.820
2026-05-28T09:34:45.335Z 609061,0.085,-1.464,0.489,1.816,-5.169,-0.023;609081,0.068,-1.609,0.617,-7.364,-5.895,2.533;609101,0.045,-1.686,0.796,-12.165,-4.151,4.242;609121,0.041,-1.728,0.851,-5.360,-2.310,5.357;609141,0.057,-1.687,0.797,1.295,0.426,7.453
2026-05-28T09:34:45.426Z 609165,0.076,-1.601,0.720,2.172,2.111,10.640;609185,0.082,-1.456,0.612,2.111,2.426,12.706;609206,0.070,-1.285,0.517,2.408,2.428,12.478;609226,0.054,-1.093,0.394,7.979,1.432,10.214;609246,0.036,-0.901,0.280,15.398,1.071,6.028
2026-05-28T09:34:45.574Z 609266,0.020,-0.704,0.193,23.388,2.613,0.719;609286,0.017,-0.530,0.130,27.323,3.073,-3.024;609306,0.016,-0.403,0.066,23.197,2.621,-5.666;609326,0.012,-0.332,0.044,8.768,2.063,-6.889;609346,0.015,-0.291,0.048,-6.482,1.094,-5.771
2026-05-28T09:34:45.640Z 609366,0.014,-0.277,0.040,-16.203,1.104,-2.668;609386,-0.000,-0.289,0.027,-18.094,2.705,1.199;609406,-0.011,-0.317,-0.016,-10.527,5.467,5.098;609430,-0.000,-0.393,-0.044,-3.711,7.174,9.532;609450,-0.006,-0.760,-0.014,-2.532,-0.906,24.889
2026-05-28T09:34:45.764Z 609470,-0.009,-1.186,0.238,2.398,-14.787,27.925;609494,0.147,-1.301,0.354,-2.933,-23.299,16.930;609514,0.267,-1.506,0.554,-10.275,-21.049,9.569;609534,0.301,-1.679,0.726,-11.078,-11.977,2.655;609554,0.276,-1.749,0.788,1.076,-1.364,-4.001
2026-05-28T09:34:45.850Z 609574,0.192,-1.725,0.726,14.821,13.471,-11.220;609594,0.072,-1.630,0.640,18.082,22.088,-16.689;609614,-0.027,-1.503,0.556,14.866,19.901,-18.780;609634,-0.048,-1.325,0.466,9.395,13.849,-17.308;609654,-0.028,-1.120,0.358,9.195,10.224,-14.370
2026-05-28T09:34:45.940Z 609674,-0.024,-0.909,0.212,16.257,11.245,-7.905;609695,-0.026,-0.693,0.115,25.848,14.356,-0.683;609715,-0.035,-0.499,0.076,37.956,14.244,6.537;609735,-0.034,-0.373,0.034,44.512,12.025,10.710;609755,-0.031,-0.290,0.000,35.327,6.898,11.185
2026-05-28T09:34:46.087Z 609776,-0.025,-0.251,-0.038,14.116,-1.498,9.393;609796,-0.009,-0.224,-0.039,-10.981,-13.074,5.244;609816,0.040,-0.340,-0.130,-28.175,-18.181,-5.882;609836,0.191,-0.730,0.050,-17.824,-19.903,-26.643;609856,0.075,-0.949,0.040,-12.853,-22.173,-33.
2026-05-28T09:34:46.176Z 609880,-0.106,-1.154,0.634,-43.151,-14.242,-15.760;609900,-0.122,-1.440,0.618,-14.688,5.885,-13.936;609920,-0.123,-1.609,0.729,-16.302,10.934,-7.656;609940,-0.144,-1.652,0.898,-20.522,8.635,-1.396;609960,-0.131,-1.631,0.830,-9.927,8.338,2.342
2026-05-28T09:34:46.264Z 609984,-0.065,-1.537,0.742,-4.446,7.380,6.561;610004,-0.018,-1.394,0.669,-4.365,3.874,10.980;610024,-0.002,-1.216,0.535,3.339,-0.030,10.555;610044,0.012,-1.030,0.390,14.529,-3.596,6.114;610064,0.029,-0.799,0.257,24.142,-3.331,1.122
2026-05-28T09:34:46.358Z 610084,0.017,-0.592,0.152,34.501,1.554,-4.377;610104,0.013,-0.388,0.136,43.251,7.848,-9.204;610124,0.006,-0.218,0.143,35.454,8.520,-9.528;610144,-0.031,-0.192,0.135,9.848,0.614,-9.527;610164,-0.052,-0.256,0.057,-28.983,-14.346,-7.003
2026-05-28T09:34:46.476Z 610184,-0.052,-0.276,0.037,-44.795,-20.636,-5.203;610208,-0.019,-0.354,-0.063,-24.563,-14.308,-0.799;610228,0.059,-0.460,-0.121,0.197,-9.123,9.548;610248,0.021,-0.950,0.102,1.229,-7.296,20.614;610268,0.191,-1.307,0.233,-12.926,-16.035,15.639
2026-05-28T09:34:46.572Z 610291,0.259,-1.450,0.414,-19.648,-12.641,10.605;610311,0.278,-1.575,0.527,-18.797,-4.519,5.554;610331,0.263,-1.629,0.659,-17.525,4.948,-2.546;610351,0.176,-1.594,0.651,-9.971,15.357,-12.103;610375,0.071,-1.490,0.561,-1.444,26.200,-18.906
2026-05-28T09:34:46.689Z 610395,-0.010,-1.336,0.486,-4.789,26.921,-22.498;610419,-0.032,-1.140,0.429,-8.941,21.391,-20.532;610439,-0.041,-0.963,0.377,-7.115,19.546,-14.607;610459,-0.051,-0.778,0.300,3.785,21.540,-6.775;610479,-0.037,-0.614,0.218,13.764,21.797,2.659
2026-05-28T09:34:46.779Z 610502,-0.014,-0.480,0.155,22.073,21.091,10.608;610522,0.005,-0.379,0.123,24.530,18.944,16.605;610542,0.012,-0.303,0.091,19.211,13.136,20.861;610562,-0.010,-0.269,0.051,1.901,6.139,21.669;610582,-0.029,-0.260,0.003,-16.109,0.503,19.909
2026-05-28T09:34:46.897Z 610602,-0.031,-0.260,-0.050,-30.721,-8.425,16.741;610622,0.033,-0.399,-0.245,-24.355,-19.411,12.463;610642,0.397,-0.930,-0.340,2.351,-13.625,-9.593;610664,0.133,-1.390,-0.335,-0.702,-21.515,-18.417;610684,-0.184,-1.586,0.302,-36.733,-30.244,0.4
2026-05-28T09:34:46.992Z 610706,-0.169,-1.807,0.077,-27.973,-16.360,1.376;610726,-0.115,-1.856,0.382,-34.626,-17.394,8.346;610746,-0.087,-1.892,0.610,-25.559,-15.719,14.047;610766,-0.040,-1.808,0.632,-6.528,-9.498,17.111;610786,0.008,-1.626,0.547,-3.077,-6.059,21.012
2026-05-28T09:34:47.077Z 610806,0.027,-1.421,0.449,-0.509,-7.045,22.215;610826,0.036,-1.214,0.376,3.431,-9.586,19.006;610846,0.068,-0.999,0.255,13.673,-13.989,11.978;610866,0.094,-0.792,0.133,22.535,-12.861,4.312;610886,0.077,-0.603,0.061,25.857,-6.831,-2.913
2026-05-28T09:34:47.171Z 610906,0.046,-0.449,0.023,23.297,-1.375,-8.034;610926,0.010,-0.357,0.020,11.535,0.534,-10.132;610946,0.015,-0.334,0.026,-10.584,-2.402,-9.130;610966,0.017,-0.333,0.028,-29.449,-6.894,-7.587;610986,0.013,-0.305,0.025,-29.628,-8.625,-6.547
2026-05-28T09:34:47.318Z 611007,0.012,-0.275,0.002,-21.760,-8.210,-4.746;611027,0.018,-0.250,-0.046,-10.119,-5.367,-2.882;611047,0.020,-0.385,-0.191,-1.249,1.151,-0.899;611067,-0.166,-0.926,-0.183,7.855,-1.347,18.368;611087,-0.032,-1.387,0.157,-3.623,-21.104,26.619
2026-05-28T09:34:47.381Z 611107,0.176,-1.462,0.421,-14.725,-22.031,19.282;611127,0.240,-1.580,0.581,-4.716,-11.731,15.256;611147,0.238,-1.638,0.698,3.151,0.621,6.034;611167,0.205,-1.648,0.745,13.665,9.546,-3.533;611187,0.114,-1.601,0.663,13.098,13.689,-11.850
2026-05-28T09:34:47.483Z 611207,0.034,-1.509,0.583,9.724,14.108,-16.616;611227,0.009,-1.342,0.505,4.264,9.859,-18.257;611247,-0.005,-1.152,0.404,0.850,2.218,-16.779;611267,-0.007,-0.981,0.314,0.522,-0.733,-12.340;611287,-0.002,-0.790,0.218,7.227,-0.321,-3.625
2026-05-28T09:34:47.588Z 611307,0.004,-0.620,0.116,17.880,1.851,3.501;611327,0.005,-0.441,0.067,29.334,7.177,8.988;611347,0.010,-0.337,0.029,37.229,6.064,13.011;611371,0.027,-0.262,-0.013,31.938,3.204,13.523;611391,0.039,-0.230,-0.034,13.616,0.196,10.823
2026-05-28T09:34:47.684Z 611411,0.035,-0.217,-0.048,-8.962,-5.235,6.738;611433,0.016,-0.283,-0.092,-25.782,-10.986,2.400;611453,0.256,-0.831,-0.081,5.442,-6.903,-14.867;611473,0.062,-1.284,0.027,7.674,-18.374,-27.349;611493,-0.204,-1.521,0.168,-17.876,-30.760,-10.075
2026-05-28T09:34:47.803Z 611513,-0.158,-1.732,0.196,1.624,-19.884,-11.016;611533,-0.127,-1.795,0.403,-10.119,-22.788,-4.186;611556,-0.119,-1.815,0.582,-16.145,-25.330,2.378;611576,-0.084,-1.767,0.646,-10.473,-23.874,6.332;611596,-0.010,-1.652,0.560,-8.801,-19.689,8.206
2026-05-28T09:34:47.888Z 611620,0.045,-1.486,0.510,-6.758,-20.114,8.128;611640,0.051,-1.279,0.390,-0.910,-22.663,6.782;611660,0.049,-1.077,0.277,7.677,-25.883,4.448;611684,0.035,-0.854,0.158,20.249,-25.406,1.045;611704,0.040,-0.642,0.105,28.015,-19.755,-1.245
2026-05-28T09:34:48.011Z 611725,0.053,-0.467,0.098,35.458,-15.831,-2.458;611745,0.048,-0.372,0.103,33.078,-15.443,-2.986;611765,0.047,-0.350,0.109,8.936,-20.615,-6.987;611785,0.077,-0.349,0.094,-19.888,-27.337,-12.489;611805,0.099,-0.308,0.061,-32.973,-26.002,-18.308
2026-05-28T09:34:48.099Z 611829,0.077,-0.264,0.048,-34.609,-21.964,-21.952;611849,0.051,-0.337,-0.104,-15.346,-17.470,-18.256;611869,-0.136,-0.756,-0.265,2.721,-16.022,-4.804;611891,-0.184,-1.243,-0.000,-7.309,-34.511,12.643;611911,0.137,-1.317,0.267,-27.627,-46.244,3.
2026-05-28T09:34:48.220Z 611931,0.309,-1.426,0.528,-37.875,-47.547,3.351;611951,0.233,-1.481,0.672,-31.086,-36.707,2.887;611971,0.179,-1.516,0.788,-19.749,-21.606,-0.460;611991,0.107,-1.484,0.771,-0.536,-10.226,-4.414;612011,0.018,-1.391,0.642,4.644,-8.198,-6.733
2026-05-28T09:34:48.309Z 612031,-0.019,-1.261,0.537,5.961,-11.473,-8.251;612051,0.017,-1.063,0.416,3.328,-18.623,-7.480;612071,0.051,-0.864,0.314,4.971,-23.593,-3.954;612094,0.026,-0.686,0.210,10.808,-23.323,1.391;612114,0.005,-0.539,0.133,17.564,-21.124,9.195
2026-05-28T09:34:48.399Z 612134,0.002,-0.402,0.066,26.447,-20.766,17.345;612158,0.010,-0.301,0.016,28.714,-22.348,22.351;612178,0.020,-0.262,-0.015,21.697,-25.652,23.583;612198,0.030,-0.253,-0.022,3.520,-30.337,21.829;612221,0.045,-0.296,-0.085,-17.910,-38.741,17.825
2026-05-28T09:34:48.524Z 612241,0.141,-0.756,-0.120,10.448,-42.744,1.849;612261,0.145,-1.236,0.136,25.003,-50.743,-17.431;612281,-0.100,-1.459,0.089,16.895,-57.139,-7.213;612301,-0.040,-1.582,0.676,6.029,-49.987,-4.171;612321,0.017,-1.688,0.717,8.503,-56.506,-0.351
2026-05-28T09:34:48.609Z 612341,0.038,-1.709,0.856,-3.411,-62.495,7.373;612363,0.041,-1.655,0.945,-2.450,-64.162,12.340;612383,0.082,-1.555,0.842,5.177,-65.497,16.449;612403,0.139,-1.408,0.733,6.580,-64.013,19.859;612423,0.172,-1.227,0.600,7.607,-64.939,19.957
2026-05-28T09:34:48.787Z 612443,0.195,-1.030,0.486,10.860,-64.876,14.138;612463,0.183,-0.823,0.372,22.982,-62.688,6.404;612486,0.163,-0.632,0.265,27.454,-57.954,0.822;612506,0.130,-0.478,0.200,23.657,-56.128,-0.906;612526,0.064,-0.420,0.162,9.735,-58.420,0.359
2026-05-28T09:34:48.817Z 612546,0.062,-0.427,0.129,-6.593,-61.788,-0.482;612566,0.108,-0.397,0.114,-13.203,-59.880,-4.151;612586,0.140,-0.342,0.074,-13.457,-56.446,-5.778;612606,0.139,-0.298,0.027,-9.222,-50.479,-5.939;612626,0.124,-0.361,-0.083,-4.333,-47.009,-0.969
2026-05-28T09:34:48.942Z 612646,0.050,-0.467,-0.178,1.234,-41.065,4.412;612670,-0.120,-0.967,0.160,-4.911,-44.235,23.551;612690,0.117,-1.136,0.367,-10.364,-59.297,19.971;612710,0.352,-1.233,0.577,-17.974,-58.908,16.795;612730,0.369,-1.346,0.654,-12.504,-51.985,13.713
2026-05-28T09:34:49.031Z 612754,0.323,-1.422,0.713,-6.627,-40.544,8.009;612774,0.241,-1.399,0.679,1.325,-28.108,0.452;612794,0.167,-1.290,0.601,0.586,-25.348,-5.306;612814,0.117,-1.167,0.501,-3.320,-28.989,-7.816;612834,0.117,-1.040,0.410,-8.068,-33.631,-8.081
2026-05-28T09:34:49.142Z 612854,0.119,-0.896,0.334,-8.423,-34.528,-7.245;612874,0.106,-0.725,0.229,-0.357,-29.798,-3.180;612894,0.094,-0.543,0.129,10.252,-24.641,3.329;612914,0.083,-0.376,0.068,24.727,-19.050,9.216;612934,0.076,-0.280,0.034,37.671,-17.438,13.088
2026-05-28T09:34:49.238Z 612954,0.070,-0.196,0.007,39.583,-19.857,12.003;612974,0.072,-0.157,-0.029,17.157,-25.064,9.295;612994,0.059,-0.165,-0.049,-12.095,-33.160,7.030;613014,0.043,-0.223,-0.084,-37.911,-45.544,4.189;613034,0.305,-0.789,-0.059,-10.682,-45.698,-13.012
2026-05-28T09:34:49.332Z 613054,0.228,-1.174,0.158,-2.763,-54.252,-28.647;613074,0.023,-1.351,0.220,-11.522,-56.743,-15.943;613094,0.046,-1.640,0.397,-3.376,-45.586,-10.660;613114,0.065,-1.763,0.678,-11.750,-44.626,-0.118;613134,0.086,-1.803,0.907,-7.461,-40.678,7.148
2026-05-28T09:34:49.414Z 613158,0.110,-1.761,0.960,4.709,-35.089,13.458;613178,0.173,-1.649,0.834,8.937,-30.412,20.234;613198,0.183,-1.477,0.683,9.711,-29.283,23.656;613221,0.126,-1.263,0.538,10.727,-30.192,22.003;613241,0.067,-1.047,0.414,16.533,-31.907,16.389
2026-05-28T09:34:49.543Z 613261,0.064,-0.823,0.308,27.026,-32.284,9.518;613281,0.083,-0.622,0.221,34.133,-30.481,4.466;613304,0.056,-0.486,0.200,28.033,-30.368,1.742;613324,0.010,-0.406,0.210,13.153,-36.781,2.403;613344,-0.037,-0.393,0.233,-13.759,-46.507,3.394
2026-05-28T09:34:49.631Z 613364,-0.012,-0.425,0.236,-30.628,-57.530,0.997;613387,0.074,-0.454,0.105,-17.648,-56.829,-2.267;613407,0.138,-0.359,-0.005,-7.237,-45.961,-2.844;613427,0.161,-0.270,-0.079,1.448,-33.821,-3.585;613447,0.133,-0.277,-0.143,5.890,-21.781,-3.349
2026-05-28T09:34:49.746Z 613467,0.048,-0.836,-0.300,14.473,-21.013,12.865;613487,-0.091,-1.310,0.075,16.596,-25.597,30.755;613511,0.165,-1.426,0.106,19.545,-23.296,22.884;613531,0.263,-1.490,0.223,19.003,-14.134,14.097;613551,0.241,-1.552,0.318,16.574,-6.951,6.474
2026-05-28T09:34:49.839Z 613571,0.186,-1.582,0.432,18.674,7.705,0.931;613594,0.143,-1.541,0.482,23.033,20.749,-4.713;613614,0.077,-1.413,0.425,22.507,25.254,-9.974;613634,0.021,-1.271,0.371,15.890,23.581,-12.864;613654,-0.003,-1.102,0.341,7.483,14.258,-13.438
2026-05-28T09:34:49.959Z 613674,-0.029,-0.954,0.262,5.674,6.443,-12.737;613694,-0.061,-0.825,0.171,6.828,3.105,-10.123;613718,-0.046,-0.657,0.056,13.961,3.463,-4.882;613738,-0.019,-0.497,-0.010,19.978,3.081,0.180;613758,-0.003,-0.387,-0.016,28.719,1.813,3.014
2026-05-28T09:34:50.053Z 613778,0.006,-0.320,-0.018,32.339,0.626,2.953;613798,0.069,-0.375,-0.067,8.986,-9.951,0.659;613818,0.239,-0.879,0.029,-35.685,-29.973,-4.144;613841,0.068,-1.249,0.126,-34.635,-37.443,-0.639;613861,0.080,-1.349,0.703,-39.364,-30.005,2.039
2026-05-28T09:34:50.170Z 613884,0.057,-1.481,0.682,-24.304,-16.596,1.958;613907,0.057,-1.528,0.694,-32.249,-16.551,6.371;613928,0.063,-1.482,0.761,-39.048,-14.682,10.342;613948,0.086,-1.388,0.720,-34.116,-12.516,13.134;613970,0.069,-1.259,0.581,-24.238,-14.118,16.166
2026-05-28T09:34:50.257Z 613990,0.031,-1.113,0.463,-17.819,-18.445,14.686;614010,0.045,-0.919,0.343,-6.668,-23.882,10.995;614030,0.089,-0.743,0.254,3.524,-25.692,6.587;614050,0.115,-0.591,0.207,12.361,-24.127,1.145;614070,0.063,-0.491,0.181,11.716,-21.927,-2.870
2026-05-28T09:34:50.350Z 614090,0.015,-0.444,0.155,3.101,-21.540,-6.036;614112,0.040,-0.408,0.111,-8.451,-23.189,-9.526;614132,0.088,-0.341,0.099,-13.894,-21.395,-13.328;614152,0.106,-0.266,0.054,-9.915,-17.508,-15.962;614172,0.054,-0.231,-0.043,-6.340,-9.920,-17.740
2026-05-28T09:34:50.470Z 614195,-0.024,-0.305,-0.177,-12.347,-6.079,-12.385;614215,-0.208,-0.670,-0.251,-6.174,-3.931,12.363;614235,-0.183,-1.062,0.083,-5.651,-18.484,18.101;614257,0.174,-1.231,0.276,-29.367,-29.655,8.507;614277,0.199,-1.450,0.346,-14.332,-12.829,11.30
2026-05-28T09:34:50.565Z 614297,0.206,-1.564,0.370,-7.559,-1.282,10.875;614317,0.211,-1.594,0.496,0.386,11.141,3.948;614338,0.187,-1.581,0.523,7.561,16.785,-4.562;614358,0.174,-1.546,0.541,8.597,17.719,-12.678;614378,0.155,-1.452,0.552,6.254,16.654,-18.593
2026-05-28T09:34:50.679Z 614398,0.112,-1.325,0.546,2.322,13.460,-22.289;614418,0.049,-1.181,0.504,1.580,11.295,-23.982;614439,-0.033,-1.002,0.420,3.834,10.434,-22.054;614459,-0.066,-0.824,0.340,7.452,10.361,-16.847;614479,-0.038,-0.644,0.229,14.088,11.801,-6.906
2026-05-28T09:34:50.768Z 614499,-0.015,-0.482,0.137,22.211,11.834,1.791;614519,-0.007,-0.364,0.072,30.378,10.498,7.631;614539,0.003,-0.301,0.042,25.547,6.369,9.269;614559,0.020,-0.269,0.026,5.913,-0.482,7.098;614579,0.027,-0.242,0.016,-13.047,-6.855,4.774
2026-05-28T09:34:50.856Z 614599,0.024,-0.326,-0.026,-26.443,-15.815,1.165;614619,0.178,-0.848,0.086,-11.225,-19.257,-15.133;614642,0.002,-1.168,0.193,4.164,-20.543,-21.298;614662,-0.176,-1.401,0.400,-4.068,-28.878,-8.219;614682,-0.096,-1.576,0.401,13.562,-20.930,-9.528
2026-05-28T09:34:50.983Z 614702,-0.055,-1.655,0.496,1.804,-20.720,-2.748;614722,-0.006,-1.696,0.622,-4.051,-15.983,3.024;614742,0.094,-1.658,0.587,4.696,-7.396,6.190;614765,0.139,-1.548,0.507,4.376,-3.147,8.298;614788,0.081,-1.383,0.389,2.795,-2.638,8.674
2026-05-28T09:34:51.131Z 614808,0.016,-1.192,0.288,4.573,-7.232,5.166;614828,-0.001,-1.002,0.190,9.188,-11.320,-0.096;614852,0.020,-0.786,0.133,16.260,-12.414,-3.806;614872,0.026,-0.613,0.116,21.649,-8.291,-6.866;614892,0.009,-0.515,0.085,17.742,-5.921,-9.781
2026-05-28T09:34:51.189Z 614915,-0.009,-0.457,0.058,3.811,-7.056,-11.866;614939,-0.012,-0.401,0.051,-12.206,-10.218,-13.585;614959,-0.004,-0.352,0.038,-15.896,-11.560,-14.653;614979,-0.002,-0.319,0.007,-14.701,-11.776,-13.462;615003,0.008,-0.332,-0.065,-11.718,-8.609,-
2026-05-28T09:34:51.314Z 615023,0.006,-0.685,-0.174,2.180,-6.915,-0.595;615043,-0.077,-1.164,0.266,-0.647,-5.420,21.180;615063,0.058,-1.403,0.349,0.265,-8.205,10.948;615083,0.298,-1.494,0.479,-2.878,-8.851,6.484;615103,0.311,-1.574,0.593,-0.185,-5.180,3.185
2026-05-28T09:34:51.401Z 615123,0.308,-1.657,0.679,-1.421,2.253,-2.282;615143,0.270,-1.634,0.773,2.610,15.007,-10.849;615163,0.189,-1.561,0.720,4.022,22.351,-17.477;615183,0.118,-1.465,0.634,3.703,26.826,-22.883;615203,0.077,-1.299,0.540,-2.163,25.228,-25.855
2026-05-28T09:34:51.488Z 615223,0.065,-1.099,0.432,-4.887,20.117,-24.655;615243,0.036,-0.922,0.318,-6.342,16.165,-21.850;615263,-0.002,-0.766,0.203,-2.681,16.908,-14.576;615283,-0.012,-0.603,0.144,2.583,18.272,-6.885;615303,-0.013,-0.483,0.089,10.746,16.337,-0.287
2026-05-28T09:34:51.610Z 615323,0.010,-0.418,0.063,12.696,14.115,2.805;615347,0.058,-0.379,0.046,1.233,10.908,2.286;615369,0.091,-0.386,-0.012,-11.577,6.562,1.057;615389,0.228,-0.620,-0.018,-7.240,2.456,-4.420;615409,0.166,-1.127,0.261,0.465,-6.518,-13.096
2026-05-28T09:34:51.723Z 615429,-0.064,-1.461,0.148,3.197,-13.332,-3.928;615449,0.012,-1.559,0.427,28.453,3.005,-7.001;615469,0.021,-1.635,0.417,35.995,7.571,-4.228;615489,0.045,-1.635,0.482,21.624,7.049,0.042;615509,0.086,-1.592,0.387,24.835,4.142,3.751
2026-05-28T09:34:51.819Z 615529,0.097,-1.474,0.273,26.392,0.784,6.344;615551,0.060,-1.283,0.148,24.685,-1.980,6.198;615571,0.039,-1.082,0.060,23.711,-7.167,4.281;615591,0.069,-0.863,0.001,23.139,-11.347,1.523;615611,0.071,-0.674,0.029,26.269,-9.700,-1.533
2026-05-28T09:34:51.942Z 615634,0.035,-0.547,0.050,26.915,-7.879,-3.329;615654,-0.025,-0.514,0.062,12.752,-10.789,-3.487;615677,-0.036,-0.502,0.083,-3.186,-15.827,-4.407;615697,-0.002,-0.451,0.063,-4.897,-17.930,-8.489;615718,0.039,-0.386,0.019,-0.509,-17.657,-11.953
2026-05-28T09:34:51.998Z 615738,0.049,-0.304,-0.046,2.058,-13.672,-14.310;615759,0.030,-0.240,-0.061,0.980,-4.251,-14.839;615779,0.014,-0.294,-0.208,-0.385,4.654,-13.773;615799,-0.239,-0.751,-0.506,10.046,-2.169,16.208;615819,-0.085,-1.239,-0.162,15.158,-25.538,26.653
2026-05-28T09:34:52.124Z 615839,0.236,-1.328,0.063,-1.022,-29.114,16.539;615859,0.275,-1.440,0.179,6.684,-15.930,11.699;615879,0.232,-1.550,0.284,2.212,-3.763,7.892;615899,0.203,-1.580,0.374,8.499,10.535,3.638;615919,0.119,-1.505,0.421,16.608,22.889,-2.634
2026-05-28T09:34:52.207Z 615943,0.065,-1.375,0.392,15.362,24.747,-8.731;615963,0.048,-1.249,0.356,8.425,21.887,-12.877;615983,0.042,-1.093,0.315,2.730,17.230,-15.153;616003,0.008,-0.924,0.240,3.795,15.525,-14.993;616023,-0.011,-0.769,0.138,7.071,19.943,-11.737
2026-05-28T09:34:52.324Z 616043,0.008,-0.616,0.087,9.187,25.164,-7.061;616067,0.030,-0.486,0.015,16.992,28.338,-2.885;616087,0.025,-0.374,0.029,21.071,28.327,-0.061;616107,0.014,-0.323,0.056,17.288,23.748,1.475;616127,-0.024,-0.371,-0.020,5.549,9.437,3.656
2026-05-28T09:34:52.423Z 616147,0.276,-0.914,0.046,10.146,-3.019,-13.900;616171,0.038,-1.186,-0.156,24.929,-10.248,-15.778;616191,0.020,-1.356,0.425,-4.179,-11.668,-6.968;616211,0.019,-1.545,0.372,19.977,-5.184,-4.067;616231,0.012,-1.575,0.392,5.390,-5.569,2.874
2026-05-28T09:34:52.571Z 616251,0.054,-1.536,0.477,-1.104,-6.666,9.051;616275,0.090,-1.436,0.386,3.895,-7.662,13.021;616295,0.102,-1.281,0.286,5.307,-8.655,13.382;616315,0.075,-1.095,0.194,8.915,-10.433,10.637;616335,0.069,-0.888,0.095,13.666,-13.116,6.022
2026-05-28T09:34:52.630Z 616359,0.079,-0.705,0.076,16.248,-11.524,0.840;616379,0.078,-0.541,0.083,19.258,-9.017,-1.604;616399,0.041,-0.460,0.091,12.991,-8.763,-3.823;616419,0.026,-0.442,0.070,0.432,-12.255,-6.118;616441,0.031,-0.394,0.073,-6.005,-13.786,-10.065
2026-05-28T09:34:52.748Z 616461,0.039,-0.350,0.033,-7.320,-13.119,-13.476;616481,0.033,-0.280,0.002,-5.444,-10.821,-15.146;616501,0.014,-0.233,-0.037,-5.396,-4.346,-15.380;616521,0.022,-0.242,-0.122,-8.542,-0.334,-12.818;616541,-0.039,-0.504,-0.249,1.803,-0.321,-6.178
2026-05-28T09:34:52.840Z 616561,-0.220,-1.026,0.158,-1.653,-10.142,14.005;616581,0.006,-1.147,0.151,-1.305,-16.073,2.693;616603,0.221,-1.282,0.354,-11.793,-11.456,-0.601;616623,0.199,-1.460,0.418,-4.458,-1.232,2.722;616643,0.155,-1.567,0.504,-1.986,10.296,3.885
2026-05-28T09:34:52.958Z 616663,0.119,-1.536,0.533,8.081,18.429,-1.089;616683,0.060,-1.458,0.525,10.897,19.665,-6.673;616703,0.022,-1.372,0.481,7.898,17.448,-10.901;616723,0.018,-1.259,0.433,1.825,14.263,-13.744;616743,0.038,-1.096,0.382,-3.310,10.805,-14.887
2026-05-28T09:34:53.050Z 616763,0.034,-0.911,0.266,0.290,12.270,-13.704;616783,-0.001,-0.735,0.174,5.208,18.687,-9.949;616803,-0.004,-0.570,0.102,13.857,23.611,-3.428;616823,0.015,-0.420,0.027,24.660,26.881,3.523;616843,0.029,-0.330,0.011,31.279,26.841,7.615
2026-05-28T09:34:53.200Z 616863,0.034,-0.293,0.009,24.610,19.812,7.466;616883,0.030,-0.404,-0.164,1.820,7.437,6.431;616907,0.302,-0.671,-0.155,-13.596,0.298,-3.799;616927,0.117,-1.030,-0.090,7.130,0.491,-10.201;616947,-0.067,-1.262,0.275,-9.366,-8.445,0.350
2026-05-28T09:34:53.257Z 616967,-0.016,-1.569,0.265,9.571,2.060,-2.525;616989,-0.039,-1.635,0.314,6.826,-3.559,-0.131;617009,-0.035,-1.653,0.401,-6.530,-11.155,4.305;617029,0.018,-1.590,0.432,-3.866,-13.291,9.772;617049,0.076,-1.476,0.396,-1.757,-17.971,15.221
2026-05-28T09:34:53.349Z 617069,0.109,-1.292,0.287,1.125,-23.589,18.108;617089,0.090,-1.126,0.195,4.582,-28.171,16.673;617112,0.113,-0.933,0.089,11.777,-29.558,9.443;617132,0.144,-0.734,0.040,12.400,-27.367,3.033;617152,0.143,-0.538,0.040,15.292,-23.656,-1.149
2026-05-28T09:34:53.464Z 617172,0.068,-0.441,0.059,16.532,-20.501,-4.773;617195,-0.006,-0.399,0.058,0.923,-22.827,-7.472;617217,0.001,-0.400,0.048,-16.848,-26.709,-9.680;617237,0.036,-0.375,0.035,-18.880,-25.129,-13.061;617257,0.064,-0.326,-0.005,-14.831,-22.101,-14.34
2026-05-28T09:34:53.559Z 617279,0.074,-0.270,-0.050,-12.460,-17.156,-14.355;617299,0.067,-0.204,-0.064,-11.799,-9.108,-14.416;617319,0.090,-0.234,-0.184,-12.996,-7.714,-9.946;617343,-0.056,-0.689,-0.296,0.837,-5.706,1.262;617366,0.020,-1.185,0.007,-0.543,-18.766,17.800
2026-05-28T09:34:53.647Z 617386,0.313,-1.320,0.148,-2.878,-15.438,13.255;617406,0.327,-1.422,0.270,-5.175,-11.209,11.278;617426,0.276,-1.503,0.422,-9.644,-5.747,10.028;617446,0.220,-1.533,0.499,4.290,1.533,6.283;617466,0.148,-1.501,0.498,12.582,3.455,1.287
2026-05-28T09:34:53.768Z 617486,0.086,-1.423,0.478,11.574,-0.597,-4.027;617506,0.073,-1.316,0.436,3.713,-9.526,-7.248;617526,0.108,-1.148,0.376,-2.127,-16.840,-5.845;617546,0.116,-0.948,0.249,1.342,-16.392,-4.139;617566,0.071,-0.770,0.159,3.832,-13.558,0.373
2026-05-28T09:34:53.888Z 617586,0.024,-0.585,0.072,12.898,-9.684,6.211;617606,0.014,-0.446,0.052,25.273,-8.030,10.276;617626,0.025,-0.361,0.028,31.681,-8.135,11.064;617646,0.069,-0.378,-0.026,17.545,-14.239,7.453;617666,0.308,-0.700,-0.306,-15.538,-34.680,5.383
2026-05-28T09:34:53.955Z 617690,0.368,-0.832,-0.056,-36.123,-49.812,-16.195;617710,-0.043,-1.251,0.028,-23.682,-48.373,-0.835;617730,0.012,-1.408,0.373,-13.199,-38.902,0.147;617750,0.096,-1.491,0.405,-21.263,-49.628,0.928;617774,0.137,-1.557,0.457,-22.861,-60.238,2.572
2026-05-28T09:34:54.073Z 617794,0.177,-1.524,0.551,-21.501,-65.759,5.818;617814,0.240,-1.444,0.487,-12.600,-68.264,9.563;617834,0.277,-1.331,0.428,-11.845,-71.181,12.196;617854,0.260,-1.182,0.346,-13.145,-75.070,11.420;617874,0.233,-1.012,0.300,-13.636,-79.648,8.782
2026-05-28T09:34:54.158Z 617894,0.245,-0.837,0.217,-7.187,-80.253,4.495;617917,0.261,-0.664,0.148,-1.265,-77.205,0.552;617937,0.232,-0.523,0.085,3.731,-70.742,-3.345;617957,0.175,-0.429,0.079,1.120,-66.100,-6.186;617977,0.123,-0.379,0.087,-7.113,-63.546,-8.991
2026-05-28T09:34:54.275Z 617997,0.130,-0.360,0.085,-17.179,-62.510,-12.943;618017,0.140,-0.339,0.047,-19.638,-57.153,-17.434;618041,0.110,-0.301,0.026,-19.503,-52.041,-20.128;618061,0.052,-0.254,-0.003,-17.951,-47.155,-19.511;618081,0.071,-0.258,-0.079,-13.985,-44.247,
2026-05-28T09:34:54.364Z 618101,-0.019,-0.620,-0.294,6.157,-46.216,-9.518;618125,-0.212,-1.127,0.286,-0.186,-50.911,21.828;618145,-0.250,-1.249,0.419,13.437,-53.428,14.837;618165,0.026,-1.266,0.421,15.679,-50.073,9.984;618185,0.081,-1.368,0.470,7.871,-48.321,13.546
2026-05-28T09:34:54.464Z 618205,0.036,-1.444,0.578,-1.174,-47.326,17.236;618225,0.027,-1.436,0.580,11.810,-36.501,13.815;618245,0.001,-1.426,0.488,19.551,-35.777,11.427;618265,0.001,-1.286,0.433,20.097,-38.257,7.905;618285,0.050,-1.154,0.338,13.622,-47.039,7.406
2026-05-28T09:34:54.581Z 618305,0.084,-1.003,0.237,10.810,-50.237,9.346;618325,0.078,-0.841,0.127,9.921,-49.650,17.860;618345,0.064,-0.649,0.068,14.695,-46.460,28.093;618365,0.015,-0.504,0.032,28.393,-42.100,34.478;618385,-0.037,-0.395,0.070,42.262,-39.063,33.816
2026-05-28T09:34:54.669Z 618405,-0.069,-0.320,0.086,48.584,-37.735,31.208;618425,0.078,-0.374,-0.091,20.514,-47.227,24.904;618447,0.452,-0.869,0.015,-20.356,-70.181,-0.861;618467,0.325,-1.299,0.048,-13.073,-75.667,7.871;618487,0.217,-1.469,0.641,-24.662,-68.144,17.697
2026-05-28T09:34:54.796Z 618507,0.301,-1.668,0.398,-20.102,-66.812,16.775;618528,0.369,-1.731,0.506,-26.974,-68.582,20.686;618548,0.377,-1.717,0.617,-32.202,-66.901,23.818;618568,0.421,-1.635,0.504,-21.137,-62.047,26.661;618588,0.416,-1.455,0.405,-19.029,-59.561,29.828
2026-05-28T09:34:54.915Z 618611,0.372,-1.272,0.287,-16.843,-59.242,29.103;618631,0.329,-1.098,0.212,-13.199,-59.081,23.557;618651,0.315,-0.922,0.131,-7.429,-58.257,14.766;618675,0.288,-0.745,0.058,-2.085,-51.807,6.053;618695,0.219,-0.580,0.053,-0.436,-43.249,-0.595
2026-05-28T09:34:55.001Z 618715,0.132,-0.495,0.061,-5.479,-39.050,-1.456;618735,0.087,-0.465,0.045,-15.955,-38.979,0.011;618756,0.093,-0.434,0.051,-23.202,-39.541,0.794;618776,0.112,-0.383,0.020,-18.495,-40.824,0.088;618796,0.088,-0.328,-0.034,-10.795,-40.432,0.173
2026-05-28T09:34:55.093Z 618820,0.062,-0.264,-0.048,-5.386,-37.846,0.656;618840,0.041,-0.297,-0.192,-2.170,-29.789,1.039;618860,0.034,-0.501,-0.222,7.274,-32.059,19.119;618884,0.141,-1.026,0.201,8.298,-36.533,31.548;618904,0.309,-1.216,0.418,-7.330,-39.018,19.941
2026-05-28T09:34:55.211Z 618924,0.331,-1.372,0.565,-5.507,-31.966,14.187;618944,0.350,-1.437,0.669,-6.777,-23.802,4.938;618964,0.319,-1.435,0.756,-3.792,-12.972,-5.931;618984,0.238,-1.413,0.709,2.965,-2.182,-13.846;619004,0.164,-1.314,0.613,4.187,3.519,-19.096
2026-05-28T09:34:55.294Z 619024,0.137,-1.145,0.469,2.616,4.401,-19.833;619044,0.100,-0.952,0.364,1.537,5.627,-17.515;619064,0.055,-0.767,0.276,3.458,8.564,-12.105;619084,0.036,-0.612,0.177,10.245,12.214,-4.521;619104,0.046,-0.495,0.079,14.421,15.592,2.134
2026-05-28T09:34:55.385Z 619124,0.049,-0.409,0.012,15.261,15.825,6.791;619144,0.042,-0.354,0.002,9.767,15.740,6.532;619164,0.024,-0.318,0.034,-0.450,13.544,4.431;619184,0.016,-0.406,-0.042,-12.422,8.107,2.227;619204,0.146,-0.641,-0.192,-1.852,11.679,-10.318
2026-05-28T09:34:55.509Z 619224,-0.028,-1.142,-0.009,7.719,4.901,-22.981;619244,-0.246,-1.460,0.073,8.547,0.000,-9.559;619264,-0.168,-1.672,0.351,18.865,3.781,-7.788;619284,-0.152,-1.783,0.434,14.561,-6.417,-1.229;619304,-0.106,-1.820,0.593,2.975,-16.075,5.100
2026-05-28T09:34:55.601Z 619324,-0.021,-1.780,0.589,8.031,-18.250,10.679;619344,0.067,-1.667,0.496,10.928,-20.228,16.506;619368,0.132,-1.470,0.383,4.995,-22.119,20.404;619388,0.156,-1.273,0.288,4.127,-22.152,15.928;619408,0.164,-1.070,0.202,9.120,-21.448,7.252
2026-05-28T09:34:55.694Z 619428,0.162,-0.876,0.111,13.721,-19.650,-2.418;619448,0.129,-0.676,0.063,16.057,-14.047,-9.920;619468,0.048,-0.526,0.062,15.700,-8.370,-14.811;619488,-0.030,-0.418,0.077,9.966,-6.702,-16.274;619509,-0.049,-0.395,0.088,-6.150,-10.714,-14.017
2026-05-28T09:34:55.812Z 619529,-0.017,-0.391,0.100,-13.742,-15.012,-14.195;619549,0.034,-0.375,0.092,-12.248,-16.477,-16.929;619571,0.071,-0.347,0.026,-4.258,-15.818,-19.254;619591,0.089,-0.299,-0.048,-0.836,-13.372,-18.845;619611,0.068,-0.228,-0.095,1.386,-9.920,-17.
2026-05-28T09:34:55.895Z 619631,0.027,-0.175,-0.148,3.723,-3.406,-16.566;619651,0.005,-0.215,-0.254,2.533,6.215,-14.321;619671,-0.154,-0.771,-0.437,11.885,2.563,-0.053;619694,-0.112,-1.255,0.117,18.580,-17.981,5.470;619714,0.101,-1.327,0.006,23.969,-11.777,-7.037
2026-05-28T09:34:56.027Z 619734,0.230,-1.397,0.207,16.318,-4.051,-12.679;619754,0.230,-1.499,0.336,-0.568,2.480,-13.572;619774,0.181,-1.538,0.571,-3.330,19.961,-16.259;619794,0.076,-1.492,0.533,14.683,32.430,-20.601;619814,-0.054,-1.382,0.483,18.981,33.562,-22.891
2026-05-28T09:34:56.107Z 619834,-0.154,-1.256,0.365,18.633,24.600,-21.940;619854,-0.146,-1.088,0.233,17.047,14.712,-19.619;619874,-0.095,-0.892,0.146,16.806,14.986,-14.415;619894,-0.034,-0.710,0.074,17.837,18.543,-7.606;619914,0.003,-0.529,0.066,26.551,23.397,-1.399
2026-05-28T09:34:56.225Z 619937,-0.006,-0.443,0.029,44.614,23.733,3.165;619957,0.018,-0.467,-0.059,34.828,25.391,1.897;619977,0.355,-0.997,-0.065,-15.303,1.670,0.728;619997,0.165,-1.446,0.014,-3.990,-3.634,2.712;620017,0.046,-1.570,0.183,3.457,11.568,0.338
2026-05-28T09:34:56.319Z 620040,0.049,-1.619,0.271,7.910,15.235,0.710;620060,0.055,-1.599,0.300,3.382,12.327,4.211;620080,0.074,-1.532,0.368,-2.738,7.255,8.676;620100,0.109,-1.444,0.302,1.088,2.615,12.612;620120,0.153,-1.298,0.217,-0.147,-1.430,15.135
2026-05-28T09:34:56.412Z 620140,0.137,-1.120,0.154,-0.939,-3.990,13.235;620164,0.141,-0.960,0.099,2.269,-6.889,6.040;620184,0.166,-0.785,0.071,2.194,-7.027,-1.344;620204,0.160,-0.620,0.072,1.334,-5.973,-5.911;620224,0.065,-0.527,0.081,-2.977,-6.469,-7.814
2026-05-28T09:34:56.532Z 620248,-0.009,-0.514,0.089,-12.354,-10.983,-8.784;620268,-0.017,-0.498,0.066,-13.760,-15.002,-11.351;620289,0.019,-0.468,0.022,-6.148,-15.837,-13.293;620309,0.062,-0.384,-0.040,-0.035,-14.972,-13.804;620329,0.081,-0.288,-0.071,1.792,-13.669,-13
2026-05-28T09:34:56.677Z 620349,0.044,-0.242,-0.129,0.269,-8.387,-11.777;620369,0.058,-0.329,-0.301,0.183,-1.535,-8.010;620389,-0.287,-0.867,-0.464,20.334,-1.296,28.492;620409,0.030,-1.303,-0.381,23.711,-20.456,30.838;620431,0.408,-1.406,-0.086,-8.328,-28.099,16.908
2026-05-28T09:34:56.764Z 620451,0.384,-1.516,0.006,9.035,-14.857,16.505;620471,0.355,-1.586,0.138,14.399,0.436,14.137;620491,0.321,-1.620,0.278,19.921,15.687,9.072;620511,0.228,-1.551,0.300,28.624,25.401,2.160;620531,0.174,-1.436,0.301,26.143,24.099,-6.044
2026-05-28T09:34:56.828Z 620551,0.169,-1.316,0.270,16.655,20.118,-12.582;620571,0.156,-1.175,0.229,11.236,19.069,-17.533;620594,0.081,-0.976,0.190,12.124,22.974,-18.446;620614,0.002,-0.790,0.087,17.171,28.537,-11.839;620634,-0.033,-0.593,0.068,21.856,31.608,-3.276
2026-05-28T09:34:56.918Z 620654,-0.054,-0.461,0.067,31.111,27.801,6.217;620674,-0.076,-0.398,0.127,32.551,16.123,13.999;620694,-0.074,-0.537,-0.240,17.488,2.957,13.907;620714,0.537,-1.055,0.098,-33.484,-33.092,-18.268;620734,0.416,-1.335,-0.076,-18.574,-37.018,-7.252
2026-05-28T09:34:57.043Z 620755,0.225,-1.447,0.535,-44.444,-35.594,-1.149;620775,0.220,-1.616,0.213,-21.481,-29.605,-3.329;620795,0.267,-1.580,0.250,-28.321,-31.884,0.293;620815,0.317,-1.478,0.299,-37.760,-33.611,4.853;620835,0.333,-1.367,0.300,-34.037,-29.686,7.066
2026-05-28T09:34:57.218Z 620855,0.309,-1.231,0.252,-28.711,-25.526,7.982;620875,0.245,-1.027,0.193,-20.587,-20.828,6.353;620895,0.201,-0.869,0.144,-9.003,-17.237,3.048;620915,0.194,-0.716,0.088,2.080,-13.562,-1.877;620935,0.188,-0.545,0.058,6.950,-9.037,-7.517
2026-05-28T09:34:57.246Z 620955,0.145,-0.429,0.033,7.171,-6.061,-11.968;620975,0.099,-0.359,0.015,0.071,-4.978,-15.514;620995,0.073,-0.326,-0.011,-14.011,-6.529,-17.507;621015,0.061,-0.300,-0.001,-25.514,-8.763,-19.150;621035,0.051,-0.291,-0.026,-24.580,-10.461,-19.411
2026-05-28T09:34:57.341Z 621056,0.043,-0.287,-0.052,-20.252,-10.375,-18.153;621076,0.028,-0.257,-0.076,-15.924,-8.846,-15.777;621096,0.027,-0.272,-0.130,-10.789,-2.786,-12.512;621116,-0.058,-0.682,-0.300,9.891,-4.694,-1.204;621136,-0.139,-1.111,0.254,9.149,-12.760,13.3
2026-05-28T09:34:57.457Z 621156,0.064,-1.410,0.292,2.650,-11.872,1.878;621176,0.175,-1.534,0.504,10.913,-2.886,2.450;621196,0.168,-1.629,0.676,9.267,3.828,0.389;621216,0.195,-1.691,0.788,14.505,13.370,-3.957;621236,0.148,-1.652,0.777,25.266,19.961,-11.819
2026-05-28T09:34:57.518Z 621256,0.106,-1.600,0.734,31.153,22.314,-19.319;621276,0.086,-1.485,0.664,25.345,23.013,-24.172;621296,0.074,-1.331,0.553,17.478,21.035,-24.921;621316,0.048,-1.155,0.449,12.806,20.499,-23.092;621336,0.000,-0.982,0.315,16.204,24.968,-17.651
2026-05-28T09:34:57.642Z 621358,-0.028,-0.791,0.171,23.377,32.181,-10.284;621378,-0.049,-0.554,0.100,29.621,34.889,-1.164;621398,-0.043,-0.431,0.156,36.164,30.773,7.046;621418,-0.046,-0.361,0.191,31.829,22.147,14.232;621438,-0.044,-0.545,-0.187,6.556,1.448,15.383
2026-05-28T09:34:57.730Z 621458,-0.079,-1.001,0.346,-21.161,-36.223,-14.917;621481,-0.260,-1.141,0.024,25.538,-20.985,-8.334;621501,-0.195,-1.294,0.168,34.259,-1.513,-9.356;621522,-0.120,-1.331,0.271,26.557,-4.271,-5.757;621542,-0.064,-1.328,0.220,22.179,-12.456,-1.458
2026-05-28T09:34:57.850Z 621562,-0.018,-1.259,0.273,6.154,-19.303,1.867;621582,0.031,-1.163,0.242,4.993,-19.383,4.353;621602,0.040,-1.009,0.165,4.217,-17.291,5.244;621622,0.039,-0.846,0.115,3.703,-13.022,4.455;621643,0.046,-0.700,0.071,11.561,-8.578,0.940
2026-05-28T09:34:57.971Z 621663,0.052,-0.549,0.044,18.131,-3.400,-4.414;621683,0.023,-0.401,0.053,20.218,-1.114,-7.451;621703,-0.044,-0.326,0.055,13.532,-2.201,-7.806;621723,-0.092,-0.334,0.034,-6.149,-8.884,-6.293;621743,-0.103,-0.339,0.057,-23.940,-16.716,-5.785
2026-05-28T09:34:58.065Z 621767,-0.035,-0.327,0.036,-27.902,-22.137,-8.233;621787,0.043,-0.336,-0.042,-17.775,-21.609,-10.042;621807,0.074,-0.290,-0.100,-11.410,-14.504,-10.728;621827,0.077,-0.243,-0.150,-8.408,-7.211,-11.170;621847,0.065,-0.275,-0.296,-2.432,1.790,-8.
2026-05-28T09:34:58.268Z 621871,-0.114,-0.609,-0.009,-6.608,11.940,14.851;621891,0.087,-1.118,0.230,-20.027,-17.152,20.658;621914,0.244,-1.251,0.684,-40.113,-19.559,16.928;621934,0.213,-1.389,0.922,-15.858,-1.831,13.707;621954,0.205,-1.426,0.925,4.391,11.069,7.744
2026-05-28T09:34:58.298Z 621974,0.175,-1.414,0.966,15.058,22.684,-1.661;621994,0.099,-1.357,0.899,17.423,21.451,-10.173;622014,0.037,-1.271,0.823,13.866,15.917,-14.890;622034,0.015,-1.183,0.714,8.188,9.584,-14.558;622054,0.004,-1.063,0.591,6.566,6.535,-12.049
2026-05-28T09:34:58.359Z 622076,0.009,-0.884,0.449,10.122,11.020,-7.374;622096,0.020,-0.694,0.340,16.972,16.701,0.193;622119,0.021,-0.553,0.305,27.912,20.009,5.312;622139,-0.001,-0.506,0.163,38.987,14.325,6.447;622159,0.320,-0.932,0.086,4.016,3.232,4.008
2026-05-28T09:34:58.513Z 622182,0.177,-1.392,0.226,17.192,-6.784,-0.727;622202,-0.065,-1.473,0.634,13.204,-2.653,4.501;622222,-0.074,-1.558,0.342,41.866,-1.285,7.047;622246,-0.038,-1.583,0.390,30.843,-4.873,9.982;622266,0.010,-1.532,0.394,14.773,-10.807,14.029
2026-05-28T09:34:58.566Z 622286,0.079,-1.445,0.365,8.941,-13.691,18.014;622306,0.123,-1.285,0.293,6.318,-14.823,20.929;622326,0.113,-1.111,0.226,5.983,-15.685,20.755;622346,0.089,-0.932,0.165,10.085,-16.720,16.295;622370,0.090,-0.775,0.102,11.255,-16.153,10.181
2026-05-28T09:34:58.663Z 622390,0.092,-0.627,0.077,10.775,-13.730,3.083;622410,0.063,-0.484,0.077,8.472,-11.148,-2.749;622430,0.021,-0.394,0.069,3.026,-10.355,-5.526;622454,0.006,-0.368,0.052,-6.638,-12.262,-6.657;622474,0.007,-0.349,0.050,-14.706,-13.133,-9.454
2026-05-28T09:34:58.782Z 622497,0.009,-0.322,0.031,-16.244,-12.774,-11.809;622517,0.008,-0.292,-0.001,-14.256,-11.755,-11.582;622537,0.010,-0.248,-0.043,-11.157,-10.551,-9.860;622557,-0.009,-0.218,-0.075,-9.666,-8.428,-7.625;622577,-0.029,-0.280,-0.178,0.234,-0.508,-6.
2026-05-28T09:34:58.868Z 622597,-0.290,-0.837,-0.365,5.994,6.755,17.695;622619,-0.073,-1.228,-0.161,0.188,-8.568,21.463;622639,0.314,-1.408,0.077,-24.386,-11.357,8.522;622659,0.299,-1.565,0.228,-6.583,3.146,10.861;622683,0.238,-1.638,0.481,-5.238,14.805,8.345
2026-05-28T09:34:59.077Z 622706,0.179,-1.608,0.536,8.209,23.589,1.612;622726,0.092,-1.546,0.525,14.018,25.150,-6.801;622746,0.072,-1.411,0.491,5.800,20.187,-15.457;622766,0.098,-1.256,0.450,-2.111,16.353,-17.175;622786,0.100,-1.093,0.379,-2.957,16.116,-15.846
2026-05-28T09:34:59.080Z 622806,0.071,-0.932,0.272,2.669,20.702,-12.869;622826,0.038,-0.736,0.173,16.377,29.206,-6.708;622846,0.006,-0.529,0.117,29.356,34.337,1.001;622868,-0.024,-0.416,0.116,43.959,31.027,9.466;622888,-0.072,-0.437,-0.097,24.648,19.754,9.212
2026-05-28T09:34:59.196Z 622908,0.048,-0.829,0.311,-26.995,-16.416,-15.342;622932,-0.330,-1.119,0.336,-25.390,-29.746,-4.096;622952,-0.235,-1.198,0.816,-22.708,-24.268,-4.154;622972,-0.209,-1.265,0.820,-18.368,-26.808,-1.327;622992,-0.146,-1.249,0.710,-17.132,-30.513,4
2026-05-28T09:34:59.321Z 623012,-0.055,-1.222,0.702,-28.662,-35.989,11.184;623032,0.030,-1.145,0.615,-22.403,-33.621,16.358;623052,0.085,-1.015,0.495,-15.463,-31.233,19.309;623075,0.076,-0.872,0.376,-8.264,-27.070,18.264;623095,0.075,-0.722,0.270,0.172,-22.121,13.490
2026-05-28T09:34:59.381Z 623115,0.068,-0.572,0.188,4.119,-17.704,5.767;623135,0.030,-0.428,0.142,5.241,-15.131,-1.078;623155,-0.026,-0.356,0.118,-4.041,-16.066,-5.198;623175,-0.068,-0.336,0.104,-19.036,-19.579,-6.003;623195,-0.067,-0.340,0.097,-24.786,-21.211,-6.001
2026-05-28T09:34:59.526Z 623217,-0.024,-0.323,0.082,-21.004,-21.417,-6.313;623237,0.018,-0.290,0.042,-11.060,-19.001,-6.590;623257,0.053,-0.249,-0.009,-3.496,-15.903,-6.460;623277,0.055,-0.198,-0.033,-1.351,-11.595,-6.692;623297,0.059,-0.167,-0.045,-1.579,-6.258,-6.774
2026-05-28T09:34:59.620Z 623317,0.173,-0.193,-0.227,6.239,3.360,-5.971;623341,-0.216,-0.763,-0.309,18.514,18.411,19.220;623361,-0.068,-0.994,-0.079,13.961,3.189,20.766;623381,0.279,-1.146,0.145,-9.264,6.336,10.256;623405,0.244,-1.328,0.230,-0.376,16.509,13.995
2026-05-28T09:34:59.731Z 623428,0.269,-1.396,0.457,5.888,27.729,7.692;623448,0.238,-1.441,0.513,15.991,34.291,-0.694;623468,0.173,-1.405,0.545,18.344,33.606,-11.115;623492,0.132,-1.354,0.519,12.461,29.782,-15.949;623512,0.116,-1.239,0.427,9.081,24.052,-18.061
2026-05-28T09:34:59.827Z 623532,0.086,-1.096,0.308,6.758,21.863,-15.693;623552,0.065,-0.919,0.189,8.399,22.749,-11.063;623572,0.046,-0.725,0.099,15.104,24.857,-4.238;623595,0.032,-0.578,0.091,24.091,25.899,1.845;623615,0.012,-0.585,-0.134,28.451,19.542,4.080
2026-05-28T09:35:00.074Z 623639,0.222,-0.749,-0.073,-3.768,9.140,-0.054;623659,0.272,-0.990,0.073,-24.461,-13.856,-21.667;623679,-0.064,-1.256,0.230,-21.533,-19.953,-7.251;623699,-0.060,-1.334,0.577,-16.518,-11.064,-4.499;623719,-0.065,-1.405,0.397,8.884,-14.788,0.248
2026-05-28T09:35:00.078Z 623739,-0.034,-1.398,0.336,6.709,-20.864,5.009;623759,0.008,-1.360,0.364,-6.812,-27.723,8.412;623779,0.056,-1.293,0.354,-6.147,-28.930,11.294;623799,0.098,-1.129,0.284,-6.837,-27.703,15.473;623819,0.132,-0.964,0.242,-5.253,-26.596,16.440
2026-05-28T09:35:00.154Z 623839,0.151,-0.819,0.207,2.493,-24.767,13.374;623859,0.150,-0.683,0.120,9.727,-22.435,6.205;623879,0.125,-0.563,0.065,9.449,-19.527,-0.352;623899,0.072,-0.473,0.017,3.793,-15.454,-4.915;623919,0.022,-0.406,-0.022,-1.976,-11.369,-6.171
2026-05-28T09:35:00.216Z 623942,0.013,-0.356,-0.016,-5.662,-8.565,-5.745;623962,0.019,-0.316,-0.019,-5.371,-6.703,-5.167;623982,0.020,-0.277,-0.033,-3.485,-4.398,-5.845;624002,0.012,-0.229,-0.034,-4.455,-2.630,-6.787;624022,-0.000,-0.194,-0.021,-5.544,1.280,-7.050
2026-05-28T09:35:00.342Z 624046,0.030,-0.254,-0.108,-0.987,6.316,-5.147;624066,-0.041,-0.775,0.396,-10.159,12.473,21.512;624086,0.237,-1.074,0.555,-26.698,2.362,8.834;624110,0.246,-1.229,0.682,-18.592,9.433,7.739;624130,0.253,-1.340,0.785,-10.539,13.374,5.063
2026-05-28T09:35:00.433Z 624150,0.243,-1.394,0.807,-7.695,19.424,-2.896;624173,0.168,-1.350,0.804,-2.466,26.362,-9.796;624193,0.103,-1.274,0.717,-1.108,27.223,-14.545;624216,0.086,-1.132,0.613,-2.269,24.412,-16.681;624236,0.108,-0.994,0.448,1.688,21.226,-15.135
2026-05-28T09:35:00.519Z 624256,0.099,-0.819,0.282,12.000,25.174,-11.873;624276,0.087,-0.646,0.193,20.930,30.499,-6.223;624296,0.071,-0.508,0.161,31.807,35.079,-1.407;624316,0.034,-0.388,0.178,43.103,38.295,1.541;624340,0.001,-0.297,0.170,43.340,36.002,3.184
2026-05-28T09:35:00.762Z 624360,-0.014,-0.398,-0.053,16.532,23.479,5.342;624380,0.347,-0.822,-0.016,-19.575,8.083,-0.161;624400,0.200,-1.299,0.200,-16.510,-17.043,-17.387;624420,0.050,-1.494,0.652,-28.325,-18.780,-6.293;624440,0.037,-1.727,0.604,-5.482,-14.700,-4.704
2026-05-28T09:35:00.766Z 624460,0.048,-1.752,0.652,-14.090,-19.966,1.138;624484,0.075,-1.740,0.646,-23.851,-25.577,5.516;624504,0.096,-1.654,0.621,-23.551,-26.977,8.366;624524,0.122,-1.516,0.539,-19.423,-26.071,10.787;624544,0.139,-1.347,0.433,-16.006,-24.650,12.592
2026-05-28T09:35:00.879Z 624564,0.142,-1.147,0.326,-12.113,-21.832,10.711;624588,0.164,-0.948,0.244,-4.839,-17.678,6.456;624611,0.165,-0.752,0.170,4.547,-10.037,0.039;624631,0.116,-0.582,0.117,7.244,-3.899,-4.131;624651,0.051,-0.480,0.051,1.579,-1.410,-6.094
2026-05-28T09:35:00.939Z 624675,0.015,-0.425,0.055,-11.209,-2.626,-6.634;624695,-0.000,-0.406,0.058,-21.769,-5.034,-8.428;624715,0.018,-0.400,0.039,-23.035,-5.451,-10.543;624735,0.044,-0.372,0.019,-16.376,-3.992,-9.859;624755,0.042,-0.304,0.001,-8.554,-1.224,-7.708
2026-05-28T09:35:01.116Z 624776,0.034,-0.290,-0.052,0.575,3.602,-5.597;624796,0.045,-0.366,-0.159,9.864,1.999,2.862;624817,-0.027,-0.904,0.277,3.880,5.545,23.924;624837,0.161,-1.244,0.518,-13.264,-22.689,17.432;624857,0.181,-1.374,0.695,-11.494,-14.076,10.456
2026-05-28T09:35:01.150Z 624877,0.127,-1.445,0.808,-10.924,-8.119,3.644;624897,0.118,-1.467,0.846,-4.222,1.585,-2.346;624921,0.068,-1.401,0.824,0.806,9.239,-8.145;624941,0.002,-1.301,0.720,6.709,10.856,-10.242;624961,0.006,-1.138,0.534,10.006,7.488,-8.136
2026-05-28T09:35:01.235Z 624982,0.005,-0.960,0.336,13.531,7.253,-4.159;625002,0.006,-0.777,0.212,16.921,10.477,1.786;625022,0.013,-0.606,0.129,22.815,14.225,9.237;625042,0.020,-0.468,0.109,30.938,19.974,13.495;625062,0.032,-0.385,0.120,41.449,25.025,14.337
2026-05-28T09:35:01.356Z 625082,0.067,-0.308,0.114,33.053,20.521,12.591;625102,0.215,-0.786,-0.463,4.227,8.626,11.493;625122,0.439,-0.809,0.055,-51.705,-13.075,-13.734;625146,0.050,-1.093,0.018,-39.161,-11.361,1.594;625166,0.020,-1.263,0.499,-38.066,-0.492,0.307
2026-05-28T09:35:01.508Z 625186,0.006,-1.390,0.581,-41.475,-5.051,2.527;625206,0.023,-1.428,0.605,-52.731,-12.204,6.594;625226,0.048,-1.396,0.678,-57.437,-17.679,11.200;625246,0.107,-1.330,0.591,-47.934,-18.808,16.941;625266,0.157,-1.174,0.478,-40.258,-18.688,20.614
2026-05-28T09:35:01.601Z 625287,0.170,-1.036,0.358,-32.205,-17.423,19.018;625307,0.165,-0.900,0.243,-23.181,-15.038,11.925;625327,0.168,-0.725,0.136,-17.653,-13.725,1.835;625347,0.138,-0.533,0.080,-14.474,-8.517,-5.318;625367,0.079,-0.400,0.067,-11.910,-2.818,-8.651
2026-05-28T09:35:01.660Z 625390,0.015,-0.349,0.031,-16.303,-1.031,-8.673;625410,-0.024,-0.349,0.018,-29.220,-3.193,-7.625;625430,-0.021,-0.343,0.030,-36.867,-6.751,-6.468;625450,0.003,-0.313,0.036,-32.958,-9.510,-4.687;625474,0.020,-0.296,0.004,-22.008,-10.382,-3.818
2026-05-28T09:35:01.810Z 625497,0.019,-0.261,-0.046,-17.599,-10.317,-4.805;625517,0.028,-0.212,-0.069,-17.120,-7.991,-6.025;625537,0.077,-0.244,-0.126,-13.993,5.476,-9.275;625557,0.062,-0.552,-0.146,-5.339,1.935,14.333;625577,-0.066,-1.069,0.318,-8.054,-6.485,20.023
2026-05-28T09:35:01.863Z 625597,0.127,-1.045,0.645,-11.369,-1.392,4.730;625617,0.251,-1.164,0.791,0.691,16.669,-1.958;625637,0.264,-1.275,0.874,3.050,30.227,-9.435;625661,0.169,-1.319,0.937,6.044,39.719,-16.980;625681,0.001,-1.308,0.910,6.062,38.668,-20.738
2026-05-28T09:35:01.991Z 625701,-0.138,-1.260,0.837,3.414,32.932,-17.077;625725,-0.132,-1.156,0.698,6.381,23.076,-10.764;625745,-0.098,-0.951,0.480,17.014,18.553,-5.294;625765,-0.044,-0.726,0.337,23.416,18.873,2.769;625785,0.006,-0.547,0.270,36.978,25.518,8.992
2026-05-28T09:35:02.144Z 625805,0.030,-0.414,0.208,52.333,24.840,14.006;625825,0.022,-0.417,-0.069,53.400,19.356,13.251;625845,0.195,-0.633,0.045,5.546,-1.080,-4.672;625865,-0.030,-1.138,-0.077,20.727,-16.106,-17.165;625885,-0.346,-1.313,0.531,11.649,-15.732,-6.723
2026-05-28T09:35:02.254Z 625905,-0.271,-1.449,0.611,29.658,-8.264,-2.032;625925,-0.184,-1.534,0.765,6.396,-17.580,1.423;625945,-0.112,-1.532,0.676,5.308,-26.708,3.678;625965,-0.040,-1.497,0.643,2.708,-29.742,5.330;625988,0.028,-1.401,0.558,2.229,-29.529,7.964
2026-05-28T09:35:02.345Z 626008,0.081,-1.214,0.469,-0.962,-27.937,10.476;626031,0.110,-1.043,0.383,-2.026,-26.191,11.092;626051,0.114,-0.889,0.300,-0.038,-23.636,6.924;626071,0.102,-0.730,0.202,2.559,-19.111,-0.606;626091,0.077,-0.579,0.114,3.164,-14.377,-6.464
2026-05-28T09:35:02.411Z 626114,0.037,-0.442,0.078,1.389,-9.098,-9.629;626134,-0.015,-0.371,0.079,-4.221,-7.321,-8.737;626154,-0.041,-0.346,0.082,-11.956,-8.384,-8.981;626174,-0.045,-0.343,0.089,-19.446,-9.937,-10.333;626194,-0.039,-0.337,0.077,-21.399,-9.911,-11.572
2026-05-28T09:35:02.499Z 626215,-0.035,-0.329,0.065,-17.109,-8.708,-11.834;626235,-0.023,-0.294,0.036,-9.425,-5.672,-10.993;626255,0.003,-0.307,-0.053,-1.685,4.453,-12.171;626275,0.051,-0.571,-0.167,17.492,4.582,-5.732;626295,-0.097,-1.011,0.155,19.674,13.691,12.641
2026-05-28T09:35:02.585Z 626315,0.074,-1.321,0.356,11.917,-4.897,13.749;626335,0.326,-1.434,0.595,1.651,0.900,9.912;626355,0.260,-1.558,0.740,6.082,9.106,4.380;626375,0.204,-1.570,0.741,18.701,16.208,-1.757;626395,0.113,-1.534,0.707,22.735,20.543,-7.699
2026-05-28T09:35:02.765Z 626415,0.055,-1.416,0.612,22.740,16.738,-11.621;626437,0.071,-1.269,0.500,17.736,12.451,-13.363;626457,0.111,-1.088,0.382,13.437,12.918,-11.930;626477,0.118,-0.933,0.277,11.311,16.263,-8.081;626497,0.084,-0.760,0.225,14.229,21.056,-2.544
2026-05-28T09:35:02.825Z 626518,0.052,-0.590,0.217,22.687,27.007,3.789;626538,0.045,-0.462,0.209,33.704,30.006,8.452;626558,0.063,-0.386,0.154,38.975,27.556,11.351;626578,0.237,-0.745,0.178,0.930,18.936,3.719;626598,0.048,-1.200,0.148,10.468,1.109,-17.831
2026-05-28T09:35:02.894Z 626618,-0.336,-1.550,0.088,8.009,-5.924,-2.046;626638,-0.248,-1.779,-0.179,33.752,-7.379,0.305;626658,-0.190,-1.817,0.017,12.805,-17.121,3.654;626680,-0.127,-1.762,0.109,-5.733,-28.762,6.612;626700,-0.024,-1.674,0.220,-13.918,-31.827,10.178
2026-05-28T09:35:03.006Z 626720,0.052,-1.505,0.204,-11.300,-31.109,13.683;626744,0.091,-1.314,0.167,-8.607,-27.953,16.113;626764,0.101,-1.130,0.120,-1.713,-23.870,13.361;626784,0.118,-0.944,0.048,3.213,-20.051,7.322;626804,0.131,-0.764,-0.007,5.551,-13.867,0.835
2026-05-28T09:35:03.099Z 626828,0.097,-0.574,0.013,7.145,-6.468,-4.419;626848,0.049,-0.460,0.002,5.121,-1.405,-7.329;626868,0.008,-0.431,-0.062,-5.855,-0.325,-8.762;626891,-0.016,-0.391,-0.056,-17.090,-1.374,-9.257;626911,-0.020,-0.343,-0.022,-20.559,-2.990,-8.986
2026-05-28T09:35:03.247Z 626935,-0.008,-0.308,-0.030,-12.504,-3.466,-7.997;626955,0.006,-0.283,-0.059,-7.873,-2.763,-6.926;626975,-0.002,-0.250,-0.076,-6.875,1.423,-6.802;626995,0.011,-0.190,-0.073,-2.795,9.687,-6.445;627015,0.055,-0.289,-0.204,3.310,15.403,-3.240
2026-05-28T09:35:03.303Z 627035,-0.128,-0.846,-0.031,18.295,16.031,15.509;627055,-0.144,-1.319,0.250,-3.099,2.906,2.541;627075,0.074,-1.275,0.668,-11.331,-0.991,0.549;627095,0.135,-1.404,0.738,-8.753,1.676,-5.983;627115,0.110,-1.422,0.889,-5.334,8.602,-12.115
2026-05-28T09:35:03.398Z 627135,0.030,-1.352,0.955,4.328,14.178,-17.806;627157,-0.057,-1.282,0.870,12.541,13.013,-19.792;627177,-0.087,-1.159,0.664,18.085,8.799,-14.954;627197,-0.028,-0.972,0.452,19.236,7.086,-6.618;627217,0.031,-0.783,0.272,18.603,7.881,0.642
2026-05-28T09:35:03.524Z 627237,0.037,-0.595,0.174,21.635,12.879,8.474;627257,0.032,-0.456,0.129,28.259,16.001,14.810;627279,0.042,-0.385,0.109,29.889,18.288,15.926;627299,0.064,-0.317,0.115,19.271,20.443,12.142;627319,0.072,-0.307,0.126,-9.227,15.280,7.958
2026-05-28T09:35:03.611Z 627339,0.334,-0.749,-0.338,12.153,8.264,-28.300;627359,0.044,-1.148,-0.510,50.164,27.422,-29.474;627379,-0.233,-1.355,-0.219,27.167,25.287,-4.810;627401,-0.188,-1.633,-0.139,33.291,20.358,1.133;627421,-0.152,-1.739,-0.073,30.870,8.213,-0.613
2026-05-28T09:35:03.728Z 627441,-0.144,-1.797,0.084,17.908,-4.692,3.336;627461,-0.116,-1.751,0.133,21.484,-10.250,8.724;627481,-0.044,-1.619,0.136,20.285,-14.151,15.079;627501,0.016,-1.459,0.122,12.967,-18.739,20.758;627521,0.039,-1.306,0.121,0.630,-20.909,23.058
2026-05-28T09:35:03.819Z 627541,0.065,-1.153,0.108,-3.969,-20.510,20.141;627561,0.105,-0.984,0.053,-2.220,-18.083,14.061;627583,0.096,-0.811,0.004,4.018,-15.426,5.518;627606,0.069,-0.611,-0.063,9.943,-10.127,-0.457;627626,0.025,-0.461,-0.084,9.468,-4.488,-1.827
2026-05-28T09:35:03.908Z 627646,-0.013,-0.403,-0.074,0.284,-3.403,-0.979;627666,-0.024,-0.391,-0.064,-12.713,-4.724,-0.360;627686,-0.011,-0.380,-0.056,-17.535,-4.812,-1.063;627710,0.013,-0.368,-0.042,-14.859,-3.797,-1.331;627733,0.038,-0.328,-0.077,-7.165,0.325,-1.695
2026-05-28T09:35:04.031Z 627755,0.051,-0.288,-0.112,-2.098,5.641,-3.186;627775,0.064,-0.272,-0.177,2.318,13.254,-4.723;627795,0.114,-0.533,-0.376,16.729,11.605,3.037;627815,-0.252,-0.916,0.071,11.088,23.057,25.919;627835,-0.091,-1.212,0.305,2.943,8.594,12.621
2026-05-28T09:35:04.128Z 627858,0.061,-1.340,0.583,-16.587,6.298,6.449;627878,0.018,-1.500,0.749,-6.436,8.704,6.511;627898,0.046,-1.554,0.889,4.499,11.655,0.136;627918,0.013,-1.563,0.842,16.175,13.185,-6.529;627940,-0.055,-1.469,0.785,17.512,11.839,-10.204
2026-05-28T09:35:04.235Z 627960,-0.069,-1.352,0.706,4.439,5.082,-11.100;627980,-0.046,-1.229,0.636,-11.059,-0.935,-9.148;628000,-0.012,-1.110,0.578,-15.561,-0.969,-5.826;628020,0.001,-0.957,0.437,-10.984,4.587,-1.210;628040,0.008,-0.767,0.263,2.996,10.610,3.760
2026-05-28T09:35:04.359Z 628064,0.032,-0.614,0.158,11.464,16.169,7.475;628084,0.045,-0.514,0.120,21.124,19.401,6.708;628104,0.055,-0.427,0.098,18.267,20.694,2.917;628124,0.119,-0.518,-0.045,-0.614,16.518,-2.178;628146,0.301,-0.464,0.353,-47.205,-1.771,-29.950
2026-05-28T09:35:04.448Z 628166,0.045,-0.948,0.193,-9.674,7.284,-31.802;628186,-0.050,-1.127,0.764,-19.090,13.488,-18.122;628206,-0.016,-1.400,0.393,14.627,6.658,-14.532;628226,-0.010,-1.512,0.400,15.564,-2.168,-9.613;628246,-0.034,-1.552,0.545,3.882,-15.145,-4.070
2026-05-28T09:35:04.536Z 628266,-0.014,-1.530,0.526,11.915,-23.375,0.111;628286,0.046,-1.443,0.495,14.586,-30.068,4.375;628306,0.109,-1.292,0.415,12.645,-36.315,6.405;628326,0.149,-1.105,0.340,10.227,-39.583,5.045;628346,0.184,-0.907,0.238,12.098,-38.645,1.663
2026-05-28T09:35:04.632Z 628367,0.203,-0.730,0.168,14.010,-35.521,-4.075;628387,0.200,-0.536,0.115,23.920,-26.861,-10.099;628407,0.157,-0.373,0.080,28.508,-16.340,-15.167;628427,0.097,-0.269,0.049,21.870,-9.467,-18.267;628449,0.058,-0.244,0.048,-1.552,-13.037,-15.770
2026-05-28T09:35:04.753Z 628469,0.014,-0.278,0.058,-20.500,-21.610,-12.243;628491,-0.018,-0.303,0.082,-21.902,-24.979,-10.785;628511,-0.008,-0.313,0.077,-13.609,-25.581,-10.058;628531,0.059,-0.279,0.049,-3.218,-20.013,-10.499;628551,0.133,-0.215,0.027,4.040,-12.150,-11
2026-05-28T09:35:04.873Z 628571,0.192,-0.213,-0.007,10.831,-1.804,-12.789;628593,0.255,-0.295,-0.129,19.973,6.615,-12.707;628613,-0.103,-0.851,-0.261,46.265,8.113,12.764;628633,-0.057,-1.041,-0.062,52.152,-2.104,8.256;628653,0.283,-1.115,0.062,34.606,-8.371,-1.913
2026-05-28T09:35:04.930Z 628673,0.299,-1.259,0.280,30.779,-11.922,1.547;628693,0.204,-1.345,0.574,18.600,-14.189,5.958;628713,0.148,-1.378,0.504,35.265,-11.301,4.716;628733,0.063,-1.283,0.456,36.265,-14.614,2.025;628753,0.042,-1.165,0.391,29.553,-24.442,0.855
2026-05-28T09:35:05.078Z 628773,0.070,-1.035,0.304,15.461,-37.494,2.730;628793,0.094,-0.895,0.258,0.224,-44.733,6.581;628816,0.089,-0.765,0.158,-0.139,-42.811,13.546;628836,0.087,-0.616,0.091,5.027,-36.829,20.429;628856,0.119,-0.467,0.024,17.813,-29.803,25.419
2026-05-28T09:35:05.137Z 628876,0.134,-0.371,-0.003,30.962,-22.522,24.440;628896,0.151,-0.322,-0.040,37.661,-15.280,18.939;628916,0.186,-0.267,-0.058,26.903,-10.379,9.679;628936,0.404,-0.554,-0.204,-2.795,-12.951,-3.985;628956,0.138,-1.071,-0.336,26.976,-7.767,-4.113
2026-05-28T09:35:05.285Z 628976,-0.166,-1.454,0.004,0.619,-8.360,15.002;628996,-0.038,-1.657,0.377,13.471,-7.317,18.785;629016,0.024,-1.725,0.339,24.918,-23.156,16.075;629036,0.054,-1.821,0.429,15.284,-45.830,16.874;629056,0.049,-1.811,0.662,5.567,-64.545,20.575
2026-05-28T09:35:05.446Z 629076,0.136,-1.735,0.690,10.454,-71.105,25.813;629100,0.239,-1.634,0.621,14.351,-75.307,30.592;629120,0.262,-1.477,0.503,14.936,-78.376,32.642;629140,0.247,-1.286,0.417,13.675,-79.748,31.658;629160,0.244,-1.075,0.308,17.081,-80.676,28.052
2026-05-28T09:35:05.451Z 629180,0.273,-0.851,0.221,23.216,-78.838,23.009;629200,0.266,-0.655,0.132,34.391,-73.018,16.549;629220,0.215,-0.497,0.086,38.736,-63.127,8.301;629240,0.156,-0.365,0.088,33.420,-57.760,2.177;629260,0.111,-0.334,0.084,11.378,-60.970,-0.535
2026-05-28T09:35:05.561Z 629281,0.065,-0.350,0.080,-12.796,-67.361,-1.375;629301,0.047,-0.361,0.063,-20.865,-69.470,-3.308;629325,0.079,-0.345,0.024,-8.854,-65.760,-3.671;629345,0.118,-0.290,-0.003,-0.083,-58.954,-4.195;629365,0.148,-0.229,0.007,3.335,-51.933,-4.754
2026-05-28T09:35:05.675Z 629385,0.243,-0.317,-0.154,5.911,-42.019,-4.990;629405,0.153,-0.692,-0.410,21.605,-45.036,0.014;629425,-0.078,-1.188,-0.071,8.211,-50.796,13.604;629445,-0.235,-1.298,0.061,10.367,-50.061,5.727;629465,0.074,-1.407,0.268,-1.369,-53.291,2.379
2026-05-28T09:35:05.834Z 629485,0.195,-1.531,0.400,-1.832,-53.519,4.841;629505,0.234,-1.619,0.554,-4.395,-48.989,5.199;629525,0.224,-1.626,0.586,7.378,-36.413,-1.607;629545,0.141,-1.561,0.540,10.996,-33.532,-8.015;629565,0.120,-1.428,0.462,5.703,-38.940,-12.199
2026-05-28T09:35:05.869Z 629585,0.144,-1.304,0.413,-9.966,-45.605,-11.512;629605,0.134,-1.185,0.360,-15.292,-44.688,-9.819;629626,0.116,-1.040,0.263,-10.718,-39.532,-6.253;629646,0.119,-0.864,0.161,-4.780,-32.641,0.236;629666,0.104,-0.688,0.090,4.113,-26.554,8.950
2026-05-28T09:35:05.949Z 629686,0.048,-0.580,0.074,15.141,-21.463,13.420;629706,-0.007,-0.494,0.040,23.252,-20.624,14.734;629726,0.159,-0.649,-0.158,-3.966,-31.813,13.828;629746,0.296,-0.978,-0.136,-11.382,-48.446,-6.895;629766,0.037,-1.372,0.206,-16.157,-50.627,7.347
2026-05-28T09:35:06.076Z 629787,-0.033,-1.467,0.568,-9.357,-44.013,11.319;629807,-0.031,-1.546,0.423,19.256,-51.327,13.025;629827,0.024,-1.587,0.378,18.281,-57.663,15.465;629847,0.074,-1.567,0.493,5.331,-61.648,19.936;629867,0.131,-1.496,0.464,7.424,-56.649,23.027
2026-05-28T09:35:06.160Z 629890,0.211,-1.381,0.349,10.934,-49.763,26.439;629910,0.254,-1.180,0.300,7.390,-43.589,26.142;629930,0.279,-1.003,0.232,11.747,-39.852,21.644;629950,0.286,-0.834,0.145,19.406,-36.447,12.081;629970,0.229,-0.668,0.076,20.615,-31.923,2.635
2026-05-28T09:35:06.248Z 629992,0.142,-0.514,0.043,16.827,-26.677,-3.170;630012,0.060,-0.410,0.041,10.009,-22.492,-6.156;630032,0.025,-0.345,0.049,1.220,-20.812,-6.570;630052,0.019,-0.313,0.041,-6.965,-22.112,-5.505;630072,0.000,-0.295,0.040,-11.120,-25.058,-4.583
2026-05-28T09:35:06.375Z 630094,-0.023,-0.273,0.045,-9.361,-28.413,-3.981;630114,-0.017,-0.231,0.039,-5.073,-31.008,-1.718;630134,-0.009,-0.242,-0.020,-0.805,-30.211,1.841;630158,0.011,-0.354,-0.185,8.672,-20.727,4.953;630178,-0.119,-0.901,0.129,18.330,-13.763,27.789
2026-05-28T09:35:06.493Z 630201,0.073,-1.236,0.302,11.443,-33.516,26.308;630221,0.180,-1.398,0.529,1.578,-31.619,20.294;630241,0.165,-1.540,0.627,5.965,-25.009,16.560;630261,0.159,-1.584,0.719,7.176,-11.342,7.810;630281,0.099,-1.533,0.612,14.000,-1.603,0.660
2026-05-28T09:35:06.576Z 630301,-0.009,-1.425,0.494,13.832,-0.062,-4.473;630324,-0.044,-1.282,0.401,6.511,-3.422,-7.129;630344,-0.015,-1.121,0.339,1.021,-6.278,-9.114;630364,0.007,-0.945,0.222,4.924,-1.454,-8.731;630384,0.036,-0.795,0.124,8.039,4.495,-3.809
2026-05-28T09:35:06.663Z 630404,0.052,-0.636,0.086,11.375,9.598,1.020;630427,0.018,-0.528,0.072,17.231,14.201,4.079;630447,-0.005,-0.432,0.099,12.705,12.547,6.149;630467,-0.026,-0.422,0.049,1.452,6.297,7.864;630487,0.344,-0.621,0.255,-35.067,-0.680,-4.899
2026-05-28T09:35:06.789Z 630511,0.266,-1.128,0.364,-26.520,-9.395,-16.000;630531,0.063,-1.317,0.703,-29.308,-8.480,-7.515;630551,0.042,-1.584,0.552,-12.149,-3.518,-9.863;630571,0.031,-1.623,0.578,-14.428,-9.372,-4.593;630591,0.056,-1.619,0.581,-23.891,-17.863,1.766
2026-05-28T09:35:06.910Z 630611,0.076,-1.569,0.650,-30.662,-22.077,7.524;630634,0.088,-1.455,0.596,-29.432,-25.147,12.953;630654,0.099,-1.311,0.501,-26.271,-27.518,16.970;630674,0.109,-1.169,0.392,-23.731,-27.822,17.511;630694,0.141,-1.016,0.327,-20.025,-26.496,11.359
2026-05-28T09:35:06.998Z 630714,0.177,-0.858,0.234,-9.862,-23.748,2.800;630735,0.183,-0.673,0.150,1.972,-18.309,-4.741;630755,0.162,-0.522,0.076,8.359,-10.262,-9.969;630776,0.101,-0.418,0.036,4.634,-2.460,-11.305;630796,0.038,-0.355,0.009,-6.654,1.379,-10.519
2026-05-28T09:35:07.114Z 630816,-0.005,-0.327,0.012,-20.204,1.565,-9.733;630836,-0.015,-0.323,0.018,-28.645,0.269,-9.372;630856,-0.007,-0.298,0.015,-25.978,-1.621,-8.084;630876,-0.003,-0.272,0.040,-19.298,-2.376,-5.434;630896,-0.036,-0.318,0.001,2.658,0.004,-3.453
2026-05-28T09:35:07.176Z 630916,-0.131,-0.484,-0.164,24.113,-12.503,5.583;630936,-0.175,-0.977,0.260,28.837,-8.082,17.220;630956,0.052,-1.230,0.486,-3.641,-24.631,5.751;630976,0.270,-1.447,0.686,4.430,-22.291,5.735;630996,0.244,-1.505,0.836,18.094,-13.702,5.265
2026-05-28T09:35:07.329Z 631016,0.282,-1.547,0.774,21.010,-6.474,-0.902;631039,0.293,-1.508,0.729,14.535,-3.662,-7.302;631059,0.282,-1.440,0.652,10.588,1.538,-13.221;631079,0.250,-1.323,0.560,9.311,7.871,-17.323;631099,0.218,-1.186,0.447,8.977,13.054,-18.130
2026-05-28T09:35:07.390Z 631123,0.141,-1.024,0.345,7.914,18.786,-14.738;631143,0.070,-0.872,0.269,11.057,25.050,-10.558;631163,0.063,-0.692,0.161,21.365,29.157,-4.855;631183,0.079,-0.557,0.130,27.956,32.575,-1.562;631203,0.086,-0.467,0.103,34.172,34.646,-0.438
2026-05-28T09:35:07.480Z 631223,0.077,-0.401,0.118,27.600,32.809,-3.331;631243,0.262,-0.771,-0.240,3.446,23.475,-10.101;631263,0.594,-0.980,0.170,-29.718,6.908,-32.703;631283,0.340,-1.310,0.006,-5.760,16.208,-27.082;631303,0.145,-1.519,0.517,-25.953,21.321,-12.798
2026-05-28T09:35:07.601Z 631325,0.129,-1.601,0.515,-20.888,16.117,-12.275;631345,0.136,-1.659,0.576,-29.730,9.791,-9.684;631365,0.129,-1.622,0.664,-33.794,3.204,-7.291;631385,0.166,-1.500,0.576,-29.906,-0.124,-1.256;631405,0.187,-1.352,0.505,-27.938,-2.678,4.501
2026-05-28T09:35:07.694Z 631425,0.144,-1.206,0.429,-26.118,-5.773,8.037;631445,0.110,-1.057,0.333,-21.230,-10.327,6.561;631465,0.092,-0.912,0.234,-14.246,-12.028,2.585;631485,0.109,-0.763,0.157,-7.550,-10.911,-1.991;631505,0.132,-0.605,0.110,-2.792,-7.333,-5.976
2026-05-28T09:35:07.833Z 631525,0.093,-0.505,0.070,-0.945,-3.093,-9.027;631545,0.037,-0.453,0.036,-8.906,-2.418,-9.738;631565,0.002,-0.395,0.049,-20.058,-2.834,-9.789;631585,-0.004,-0.342,0.046,-24.785,-3.709,-9.399;631605,0.006,-0.302,0.010,-19.694,-3.244,-9.171
2026-05-28T09:35:07.893Z 631625,0.019,-0.266,-0.029,-15.687,-2.748,-8.559;631645,0.016,-0.223,-0.047,-13.874,-1.137,-7.539;631665,-0.011,-0.281,-0.138,-7.920,6.349,-7.654;631685,-0.145,-0.756,-0.249,22.922,3.913,5.920;631705,-0.014,-1.192,0.019,-0.054,-17.749,9.332
2026-05-28T09:35:07.984Z 631725,0.207,-1.205,0.207,-30.679,-24.352,-7.117;631745,0.241,-1.415,0.496,-31.653,-6.774,-5.303;631765,0.170,-1.500,0.736,-13.099,11.720,-7.347;631785,0.153,-1.479,0.777,6.554,25.626,-12.445;631805,0.082,-1.423,0.760,12.767,28.026,-17.741
2026-05-28T09:35:08.109Z 631825,0.005,-1.373,0.718,16.537,26.157,-22.144;631845,-0.030,-1.244,0.608,11.594,19.212,-23.610;631865,-0.020,-1.089,0.473,9.818,15.754,-21.037;631885,-0.006,-0.949,0.319,11.733,17.007,-17.215;631905,-0.011,-0.787,0.221,17.306,24.298,-11.961
2026-05-28T09:35:08.200Z 631925,-0.018,-0.603,0.166,25.331,31.273,-6.069;631945,-0.053,-0.466,0.149,34.843,35.628,-1.976;631965,-0.048,-0.384,0.164,36.931,30.128,1.457;631985,-0.032,-0.343,0.126,28.590,19.987,2.410;632005,0.257,-0.713,0.161,-14.965,12.256,-12.245
2026-05-28T09:35:08.291Z 632029,0.076,-1.206,0.111,15.057,15.957,-11.621;632049,-0.128,-1.441,0.487,-1.457,9.040,2.823;632069,-0.106,-1.549,0.354,21.861,2.750,1.639;632092,-0.093,-1.619,0.364,21.529,-6.662,2.630;632112,-0.069,-1.609,0.434,13.896,-15.963,6.526
2026-05-28T09:35:08.419Z 632132,-0.015,-1.535,0.394,14.659,-20.114,11.322;632152,0.055,-1.404,0.365,9.219,-24.220,19.759;632172,0.099,-1.234,0.309,4.376,-26.977,25.240;632192,0.121,-1.078,0.269,1.797,-26.575,24.247;632212,0.140,-0.922,0.183,7.240,-25.189,18.484
2026-05-28T09:35:08.531Z 632232,0.149,-0.769,0.121,10.970,-22.326,8.828;632252,0.134,-0.600,0.060,15.184,-17.375,-0.605;632272,0.110,-0.443,0.015,15.232,-10.127,-6.640;632292,0.050,-0.366,0.000,8.552,-4.753,-9.135;632312,-0.008,-0.322,-0.003,-3.909,-3.198,-9.356
2026-05-28T09:35:08.616Z 632333,-0.024,-0.305,0.034,-13.833,-3.222,-9.359;632353,-0.015,-0.304,0.031,-16.244,-2.849,-9.729;632373,0.002,-0.297,0.000,-11.775,0.618,-9.738;632393,0.018,-0.267,-0.028,-6.374,3.767,-8.164;632415,0.005,-0.224,-0.060,-1.435,7.917,-5.770
2026-05-28T09:35:08.711Z 632435,-0.016,-0.248,-0.151,8.777,11.252,-2.494;632455,-0.118,-0.687,-0.516,30.248,10.498,20.996;632475,0.015,-1.182,-0.027,30.554,-2.594,29.877;632495,0.330,-1.279,0.011,20.771,-11.516,16.674;632515,0.398,-1.505,0.277,23.011,-5.376,17.667
2026-05-28T09:35:08.805Z 632535,0.314,-1.609,0.574,22.187,-2.848,13.713;632555,0.313,-1.620,0.606,26.018,-3.428,4.816;632575,0.241,-1.588,0.617,26.547,-3.234,-4.890;632595,0.168,-1.513,0.554,26.785,-1.843,-11.425;632615,0.164,-1.350,0.477,15.919,-0.990,-14.062
2026-05-28T09:35:08.942Z 632635,0.173,-1.187,0.385,5.612,-0.759,-13.193;632655,0.163,-1.037,0.283,0.367,2.129,-10.097;632675,0.131,-0.864,0.196,3.131,9.409,-5.021;632695,0.104,-0.693,0.113,12.659,16.704,0.883;632715,0.089,-0.551,0.057,23.074,21.001,4.973
2026-05-28T09:35:09.008Z 632735,0.085,-0.459,0.044,30.902,24.067,5.727;632755,0.092,-0.411,0.016,27.337,25.163,2.534;632775,0.174,-0.558,-0.272,6.849,18.193,-8.891;632796,0.312,-0.622,-0.005,-25.187,2.253,-29.811;632816,0.064,-1.047,0.166,-29.860,-1.262,-15.486
2026-05-28T09:35:09.131Z 632836,0.009,-1.220,0.564,-24.364,-0.871,-9.221;632860,0.006,-1.370,0.656,-20.801,-9.484,-8.668;632880,-0.005,-1.466,0.697,-20.428,-24.248,-4.664;632903,-0.015,-1.464,0.787,-19.954,-34.407,-0.309;632923,0.020,-1.426,0.711,-11.431,-38.731,4.557
2026-05-28T09:35:09.216Z 632943,0.087,-1.292,0.600,-9.158,-41.866,11.504;632963,0.161,-1.152,0.470,-8.883,-43.844,15.470;632984,0.224,-1.008,0.386,-8.018,-43.731,14.583;633004,0.228,-0.830,0.251,1.654,-41.502,6.030;633024,0.196,-0.659,0.136,8.300,-33.958,-4.055
2026-05-28T09:35:09.316Z 633044,0.179,-0.476,0.077,11.889,-26.118,-11.816;633064,0.138,-0.358,0.072,6.855,-17.009,-16.209;633084,0.087,-0.299,0.070,-12.191,-15.099,-15.503;633104,0.048,-0.287,0.070,-28.764,-13.841,-14.564;633124,0.041,-0.303,0.065,-35.207,-11.957,-14.6
2026-05-28T09:35:09.433Z 633144,0.048,-0.310,0.053,-32.837,-8.635,-15.507;633164,0.065,-0.273,0.023,-23.627,-4.117,-16.147;633186,0.068,-0.234,-0.007,-19.433,0.337,-16.694;633206,0.065,-0.200,-0.002,-15.429,7.684,-17.549;633226,0.121,-0.296,-0.123,-9.571,11.237,-13.803
2026-05-28T09:35:09.522Z 633250,-0.089,-0.851,0.172,5.240,15.109,18.716;633270,0.016,-0.869,0.319,8.016,-0.112,6.199;633292,0.282,-1.064,0.424,-8.128,-2.631,0.311;633312,0.310,-1.223,0.636,-15.826,-2.218,1.337;633332,0.208,-1.310,0.811,-10.696,2.133,2.519
2026-05-28T09:35:09.664Z 633352,0.120,-1.325,0.848,1.849,7.371,-1.250;633375,0.034,-1.280,0.749,2.954,-3.302,-4.925;633395,0.019,-1.178,0.628,-1.975,-18.691,-5.405;633415,0.076,-1.040,0.476,-8.051,-28.980,-4.765;633435,0.140,-0.845,0.380,-11.009,-28.020,-1.787
2026-05-28T09:35:09.731Z 633455,0.152,-0.679,0.261,-4.176,-24.586,2.260;633475,0.117,-0.526,0.180,9.826,-17.767,9.295;633495,0.085,-0.410,0.106,24.118,-15.184,14.014;633515,0.071,-0.335,0.065,31.477,-14.527,15.337;633535,0.064,-0.293,0.045,21.940,-15.498,13.244
2026-05-28T09:35:09.819Z 633555,0.044,-0.296,0.047,-0.778,-18.327,8.697;633575,0.051,-0.433,-0.011,-23.312,-24.193,4.282;633595,0.324,-0.856,-0.344,17.090,-18.276,-18.330;633615,0.270,-1.195,-0.023,8.008,-8.833,-20.450;633635,0.031,-1.533,0.260,-14.836,-12.790,-0.774
2026-05-28T09:35:09.995Z 633655,0.104,-1.737,0.538,-11.540,-15.660,1.586;633675,0.148,-1.816,0.597,-5.588,-28.463,2.273;633695,0.149,-1.840,0.758,-11.607,-41.717,7.908;633715,0.131,-1.784,0.810,-5.646,-49.375,14.031;633735,0.156,-1.688,0.725,1.875,-56.269,20.777
2026-05-28T09:35:10.034Z 633755,0.204,-1.538,0.636,0.962,-63.192,26.010;633775,0.241,-1.368,0.526,-2.331,-69.405,25.986;633795,0.279,-1.199,0.449,-1.634,-73.615,20.871;633817,0.324,-1.019,0.352,6.567,-75.216,11.946;633837,0.306,-0.805,0.209,13.941,-71.624,3.461
2026-05-28T09:35:10.151Z 633857,0.256,-0.620,0.104,16.720,-65.202,-1.822;633881,0.178,-0.498,0.073,13.095,-58.361,-3.679;633901,0.120,-0.398,0.097,4.475,-55.246,-4.030;633921,0.108,-0.365,0.111,-9.691,-57.085,-2.956;633941,0.112,-0.372,0.088,-13.694,-55.325,-4.672
2026-05-28T09:35:10.236Z 633964,0.122,-0.353,0.057,-11.521,-51.613,-7.236;633984,0.106,-0.316,0.030,-7.183,-47.991,-8.184;634004,0.077,-0.271,0.017,-3.460,-44.115,-8.311;634024,0.121,-0.301,-0.057,0.337,-38.697,-7.361;634044,0.216,-0.397,-0.301,23.568,-37.223,2.155
2026-05-28T09:35:10.331Z 634064,0.010,-0.938,0.297,12.287,-27.849,29.232;634084,-0.027,-0.983,0.413,17.814,-31.124,22.297;634104,0.306,-1.180,0.460,6.747,-38.184,21.011;634124,0.347,-1.324,0.668,-0.637,-38.352,24.265;634144,0.284,-1.423,0.837,4.997,-34.806,18.746
2026-05-28T09:35:10.451Z 634165,0.247,-1.447,0.768,19.317,-33.961,11.357;634185,0.163,-1.405,0.639,26.252,-35.285,4.234;634206,0.142,-1.268,0.517,20.841,-47.057,2.846;634226,0.179,-1.121,0.403,8.925,-56.561,4.148;634246,0.196,-0.979,0.340,-6.778,-54.916,8.074
2026-05-28T09:35:10.542Z 634266,0.183,-0.819,0.257,-6.063,-48.775,14.164;634286,0.157,-0.668,0.148,3.287,-43.638,22.658;634308,0.117,-0.539,0.095,11.281,-39.427,28.993;634328,0.082,-0.455,0.064,19.092,-36.012,31.625;634348,0.069,-0.385,0.073,16.540,-33.045,29.165
2026-05-28T09:35:10.663Z 634368,0.099,-0.413,0.015,1.882,-33.802,24.750;634392,0.406,-0.389,0.339,-38.528,-41.311,-3.138;634416,0.131,-0.727,0.192,-29.617,-37.879,5.493;634436,0.032,-1.043,0.734,-38.972,-29.872,17.277;634456,0.100,-1.296,0.678,-17.983,-39.646,15.037
2026-05-28T09:35:10.802Z 634476,0.166,-1.416,0.777,-20.742,-50.325,17.522;634496,0.166,-1.481,0.902,-24.644,-58.743,20.302;634516,0.171,-1.466,0.952,-20.059,-59.938,23.113;634536,0.214,-1.389,0.788,-13.288,-59.068,26.723;634556,0.256,-1.247,0.637,-12.649,-58.045,29.792
2026-05-28T09:35:10.871Z 634576,0.271,-1.097,0.514,-14.359,-56.552,27.523;634600,0.326,-0.957,0.453,-3.068,-53.810,16.255;634620,0.337,-0.772,0.326,13.203,-48.055,2.737;634640,0.294,-0.585,0.190,22.575,-41.405,-7.257;634660,0.209,-0.465,0.075,15.151,-34.398,-9.800
2026-05-28T09:35:10.960Z 634680,0.104,-0.375,0.058,2.643,-31.435,-8.220;634700,0.037,-0.316,0.093,-6.249,-31.517,-5.290;634722,0.021,-0.268,0.135,-8.672,-33.675,-3.463;634742,0.018,-0.244,0.128,-7.802,-36.369,-3.419;634762,0.021,-0.248,0.081,-10.330,-38.375,-4.584
2026-05-28T09:35:11.050Z 634782,0.017,-0.232,0.042,-8.771,-36.885,-5.262;634802,0.011,-0.209,0.006,-6.476,-35.500,-4.079;634822,0.058,-0.230,-0.021,2.351,-31.694,-2.302;634842,0.144,-0.371,-0.147,15.740,-30.328,2.147;634862,0.087,-0.915,0.386,12.729,-21.531,17.052
2026-05-28T09:35:11.167Z 634882,0.169,-1.039,0.497,12.678,-30.661,13.734;634905,0.336,-1.231,0.778,-7.534,-27.233,9.870;634925,0.342,-1.346,0.907,-1.158,-21.354,5.743;634945,0.305,-1.370,0.976,6.972,-13.198,-2.352;634965,0.208,-1.365,0.879,16.134,-10.110,-9.571
2026-05-28T09:35:11.255Z 634985,0.090,-1.281,0.739,15.966,-15.863,-13.403;635005,0.095,-1.168,0.604,5.817,-25.816,-13.962;635025,0.173,-1.049,0.512,-7.809,-29.130,-12.789;635045,0.252,-0.926,0.419,-11.188,-18.489,-10.697;635065,0.252,-0.780,0.267,-1.215,-5.911,-6.607
2026-05-28T09:35:11.346Z 635088,0.231,-0.628,0.133,7.720,3.243,0.678;635108,0.180,-0.519,0.067,16.037,9.898,5.820;635128,0.116,-0.451,0.053,22.952,15.545,6.479;635148,0.081,-0.401,0.050,15.810,18.093,1.742;635168,0.118,-0.601,-0.066,-9.605,12.715,-8.876
2026-05-28T09:35:11.491Z 635191,0.115,-0.900,0.115,-21.430,-6.624,-25.921;635211,-0.071,-1.237,0.204,-18.939,-11.151,-20.214;635231,-0.185,-1.379,0.613,-18.396,-4.882,-12.967;635251,-0.164,-1.520,0.548,-8.377,-6.768,-6.578;635274,-0.107,-1.562,0.624,-15.076,-18.973,2.6
2026-05-28T09:35:11.585Z 635294,-0.060,-1.545,0.756,-26.355,-28.295,10.746;635314,0.019,-1.484,0.843,-27.904,-31.649,16.313;635334,0.096,-1.394,0.710,-18.198,-32.551,20.874;635354,0.167,-1.279,0.546,-7.613,-30.900,21.489;635374,0.204,-1.129,0.368,-1.637,-32.527,18.043
2026-05-28T09:35:11.676Z 635394,0.219,-0.968,0.257,-1.273,-34.322,8.452;635414,0.190,-0.771,0.179,5.620,-30.877,-1.438;635434,0.138,-0.602,0.112,13.584,-23.499,-8.004;635454,0.078,-0.482,0.060,16.765,-14.865,-9.887;635474,0.017,-0.402,0.002,10.057,-10.731,-8.644
2026-05-28T09:35:11.768Z 635494,-0.019,-0.331,0.002,-2.071,-9.653,-6.291;635518,-0.026,-0.319,0.040,-9.598,-11.317,-4.509;635538,-0.012,-0.327,0.084,-13.477,-12.458,-4.609;635560,0.017,-0.306,0.055,-7.464,-13.418,-5.701;635580,0.030,-0.295,0.031,-0.375,-13.008,-6.432
2026-05-28T09:35:11.858Z 635600,0.015,-0.314,-0.098,16.609,-6.516,-9.605;635622,-0.211,-0.765,-0.029,32.053,1.923,2.566;635642,-0.119,-1.250,0.187,27.373,-5.717,13.935;635662,0.165,-1.427,0.580,-9.847,-13.612,8.874;635682,0.193,-1.527,0.727,8.897,-5.473,4.676
2026-05-28T09:35:11.977Z 635705,0.195,-1.558,0.823,15.463,1.327,-2.459;635725,0.170,-1.492,0.768,24.423,6.841,-10.370;635745,0.107,-1.410,0.644,25.804,8.369,-16.112;635769,0.081,-1.288,0.533,15.497,6.839,-18.217;635789,0.099,-1.142,0.442,5.592,6.820,-17.414
2026-05-28T09:35:12.126Z 635812,0.067,-0.994,0.329,5.797,13.213,-15.122;635832,0.036,-0.830,0.232,9.056,19.507,-10.269;635852,0.037,-0.679,0.143,15.746,22.093,-1.952;635872,0.015,-0.562,0.071,22.841,24.171,3.304;635892,-0.021,-0.494,0.046,24.157,25.032,4.343
2026-05-28T09:35:12.191Z 635912,-0.029,-0.401,0.061,16.322,23.685,3.205;635932,-0.010,-0.383,0.038,2.869,21.020,1.860;635952,0.043,-0.590,-0.265,-7.403,18.032,-1.337;635972,0.192,-1.099,-0.013,-3.436,0.651,-16.065;635992,-0.016,-1.336,-0.022,11.874,-2.495,-18.173
2026-05-28T09:35:12.278Z 636015,-0.024,-1.431,0.477,2.201,-2.872,-12.849;636035,0.011,-1.599,0.496,5.762,-14.389,-8.788;636055,0.039,-1.615,0.609,-5.567,-22.887,-0.723;636075,0.076,-1.584,0.740,-15.965,-26.668,6.374;636095,0.121,-1.508,0.700,-12.124,-23.071,11.559
2026-05-28T09:35:12.402Z 636117,0.155,-1.396,0.569,-6.103,-18.045,16.372;636137,0.183,-1.251,0.441,-4.281,-13.736,19.785;636157,0.170,-1.097,0.324,-6.404,-14.944,17.095;636177,0.155,-0.956,0.232,2.879,-15.614,6.549;636197,0.133,-0.782,0.141,12.939,-13.775,-4.678
2026-05-28T09:35:12.498Z 636217,0.109,-0.627,0.011,17.837,-8.907,-12.445;636237,0.069,-0.489,-0.042,13.807,-3.140,-15.756;636257,0.030,-0.386,-0.032,4.384,0.151,-14.672;636277,0.026,-0.343,0.023,-6.518,2.344,-12.298;636297,0.025,-0.368,0.018,-13.414,5.132,-11.091
2026-05-28T09:35:12.610Z 636321,0.007,-0.346,-0.004,-10.990,5.544,-10.375;636341,-0.017,-0.317,-0.021,-4.590,5.719,-9.156;636361,-0.026,-0.345,-0.117,10.198,9.549,-9.674;636381,-0.049,-0.558,-0.397,35.603,4.967,-5.931;636401,0.155,-1.074,-0.171,36.287,2.473,2.040
2026-05-28T09:35:12.700Z 636421,0.391,-1.241,0.001,1.812,-9.351,-4.416;636441,0.412,-1.371,0.481,-7.505,-0.130,-4.999;636462,0.380,-1.470,0.547,4.982,6.775,-9.883;636482,0.375,-1.496,0.598,7.009,15.115,-17.924;636502,0.293,-1.437,0.569,7.642,22.223,-26.480
2026-05-28T09:35:12.790Z 636522,0.208,-1.327,0.521,4.692,24.483,-31.894;636542,0.159,-1.206,0.451,0.629,26.286,-32.845;636562,0.134,-1.044,0.334,3.043,27.067,-31.044;636582,0.074,-0.866,0.217,6.056,28.610,-26.796;636602,0.013,-0.690,0.141,10.824,30.040,-16.653
2026-05-28T09:35:12.908Z 636622,0.005,-0.547,0.090,19.244,29.325,-5.705;636642,0.012,-0.471,0.049,20.788,26.565,1.637;636664,0.031,-0.421,0.018,13.312,20.538,5.720;636684,0.042,-0.383,0.026,0.842,14.922,7.122;636704,0.022,-0.393,0.022,-7.039,13.434,4.446
2026-05-28T09:35:13.007Z 636724,0.092,-0.653,-0.299,-7.457,16.042,-7.881;636744,0.301,-0.779,0.043,-18.085,2.540,-16.475;636764,0.073,-1.163,-0.036,-12.964,0.886,-13.042;636785,-0.021,-1.492,0.408,-32.260,-0.245,-4.060;636805,-0.018,-1.672,0.322,-10.346,-1.902,-2.156
2026-05-28T09:35:13.092Z 636825,0.014,-1.728,0.474,-24.871,-9.746,3.403;636845,0.034,-1.739,0.602,-37.702,-18.877,10.275;636865,0.049,-1.640,0.681,-37.439,-26.592,14.802;636885,0.077,-1.529,0.509,-25.598,-29.671,15.622;636905,0.137,-1.376,0.354,-20.220,-27.335,13.961
2026-05-28T09:35:13.211Z 636925,0.223,-1.209,0.243,-16.619,-23.711,9.826;636945,0.284,-1.040,0.140,-9.851,-21.445,2.350;636965,0.266,-0.820,0.048,-1.992,-16.636,-5.813;636989,0.175,-0.644,0.042,2.939,-6.093,-10.155;637009,0.069,-0.517,0.054,3.606,1.532,-10.000
2026-05-28T09:35:13.298Z 637029,-0.024,-0.443,0.075,-2.062,5.321,-7.777;637052,-0.043,-0.421,0.096,-14.085,2.985,-5.651;637072,-0.020,-0.397,0.081,-23.471,-1.674,-6.088;637092,0.014,-0.357,0.072,-19.822,-4.316,-8.893;637112,0.033,-0.318,0.053,-11.337,-5.884,-12.045
2026-05-28T09:35:13.424Z 637132,0.027,-0.263,0.012,-3.539,-4.855,-14.330;637155,-0.003,-0.200,-0.028,2.228,-2.836,-14.997;637175,-0.020,-0.153,-0.017,7.131,0.043,-13.758;637195,-0.076,-0.497,-0.210,25.864,-1.126,-6.198;637215,-0.258,-1.023,0.383,35.617,10.166,22.046
2026-05-28T09:35:13.513Z 637235,-0.039,-1.352,0.748,-2.520,-22.001,8.156;637255,0.262,-1.189,0.808,-22.174,-26.602,3.954;637275,0.317,-1.373,0.940,-17.429,-16.496,-0.221;637295,0.309,-1.453,1.093,-1.429,8.043,-8.158;637315,0.234,-1.421,0.950,19.229,21.887,-14.835
2026-05-28T09:35:13.630Z 637335,0.060,-1.302,0.790,24.850,24.656,-17.562;637355,-0.048,-1.174,0.671,16.828,18.898,-15.438;637375,-0.041,-1.011,0.509,8.307,9.041,-10.420;637395,0.003,-0.858,0.375,6.686,6.513,-4.064;637415,0.051,-0.677,0.249,11.378,10.242,6.429
2026-05-28T09:35:13.720Z 637435,0.083,-0.532,0.163,19.778,13.732,14.791;637456,0.082,-0.440,0.114,31.817,17.898,17.675;637476,0.068,-0.392,0.119,37.335,19.644,13.690;637496,0.098,-0.357,0.067,27.221,19.948,6.749;637519,0.447,-0.360,0.324,-17.319,16.910,-20.532
2026-05-28T09:35:13.812Z 637539,0.182,-0.906,0.277,19.437,15.270,-39.005;637563,-0.093,-1.210,0.728,-5.671,15.260,-19.582;637583,-0.107,-1.492,0.633,14.580,14.948,-15.491;637603,-0.113,-1.563,0.726,0.216,0.200,-7.713;637623,-0.091,-1.578,0.755,-12.505,-15.742,1.132
2026-05-28T09:35:13.929Z 637646,-0.036,-1.503,0.746,-14.090,-24.129,7.948;637666,0.022,-1.381,0.663,-16.151,-29.198,15.137;637686,0.074,-1.212,0.533,-12.227,-33.086,20.631;637706,0.118,-1.054,0.397,-8.443,-34.678,23.127;637726,0.163,-0.904,0.280,-2.993,-34.740,19.565
2026-05-28T09:35:14.022Z 637746,0.199,-0.751,0.203,2.464,-32.166,13.372;637766,0.199,-0.583,0.154,8.522,-25.492,7.859;637790,0.164,-0.473,0.120,10.063,-17.402,4.661;637810,0.106,-0.430,0.084,-1.380,-11.688,3.733;637830,0.057,-0.410,0.084,-15.208,-8.680,2.410
2026-05-28T09:35:14.170Z 637852,0.033,-0.365,0.091,-21.670,-7.873,-0.799;637872,0.037,-0.313,0.047,-17.202,-7.964,-4.672;637892,0.032,-0.266,-0.001,-13.303,-7.612,-7.444;637912,0.007,-0.233,-0.069,-11.042,-6.589,-10.009;637932,-0.051,-0.293,-0.145,-7.582,2.135,-13.973
2026-05-28T09:35:14.226Z 637952,-0.103,-0.511,-0.338,10.895,-2.918,-8.118;637972,-0.128,-0.973,0.142,7.732,-1.135,5.200;637992,0.141,-1.056,0.293,-14.009,-14.761,-5.865;638012,0.094,-1.254,0.509,-7.440,-2.733,-2.710;638032,0.061,-1.374,0.775,-3.889,6.723,-3.887
2026-05-28T09:35:14.321Z 638054,0.096,-1.395,0.880,10.776,16.820,-10.750;638074,0.058,-1.358,0.766,25.318,25.960,-16.390;638094,-0.005,-1.270,0.646,29.367,28.402,-18.114;638114,-0.021,-1.144,0.521,25.722,26.943,-17.953;638134,-0.016,-1.012,0.353,17.222,26.033,-15.755
2026-05-28T09:35:14.442Z 638154,-0.054,-0.877,0.224,15.206,31.072,-11.858;638177,-0.037,-0.714,0.091,21.211,34.249,-5.095;638197,-0.014,-0.557,0.035,26.507,39.255,-1.124;638221,-0.006,-0.461,0.073,34.991,40.911,-0.755;638241,0.043,-0.447,-0.054,38.037,39.691,-5.336
2026-05-28T09:35:14.531Z 638261,0.352,-0.623,0.322,-22.911,28.409,-27.107;638284,0.132,-1.129,0.381,-23.421,23.040,-17.338;638304,-0.087,-1.261,0.899,-37.275,29.041,-15.483;638324,-0.091,-1.470,0.845,-14.554,23.330,-15.381;638344,-0.098,-1.533,0.894,-10.384,11.206,-9.5
2026-05-28T09:35:14.672Z 638364,-0.095,-1.529,0.890,-9.715,-3.356,-2.069;638384,-0.084,-1.472,0.890,-11.032,-15.560,6.336;638404,-0.016,-1.370,0.811,-11.098,-21.576,14.879;638424,0.073,-1.226,0.701,-7.621,-26.726,21.207;638444,0.145,-1.078,0.548,-1.250,-29.226,22.932
2026-05-28T09:35:14.744Z 638464,0.195,-0.916,0.394,5.154,-27.360,16.316;638484,0.182,-0.741,0.280,11.797,-23.366,7.310;638506,0.146,-0.555,0.199,20.190,-16.510,-1.443;638526,0.098,-0.404,0.125,26.170,-8.989,-7.787;638546,0.035,-0.336,0.072,12.952,-5.260,-10.438
2026-05-28T09:35:14.853Z 638568,-0.001,-0.303,0.042,-8.309,-4.645,-11.835;638588,0.022,-0.302,0.043,-27.845,-4.452,-13.222;638608,0.042,-0.305,0.032,-38.316,-3.070,-13.415;638628,0.043,-0.313,0.036,-36.213,0.879,-10.996;638648,0.009,-0.365,-0.049,-17.561,7.165,-5.986
2026-05-28T09:35:14.952Z 638668,-0.013,-0.678,-0.242,13.253,5.239,4.161;638688,-0.058,-0.975,0.257,6.688,13.004,16.344;638708,0.190,-1.173,0.219,3.030,-9.070,13.056;638728,0.412,-1.340,0.608,-44.932,-17.506,8.259;638748,0.268,-1.450,0.894,-30.282,-6.054,10.017
2026-05-28T09:35:15.036Z 638768,0.219,-1.449,0.941,-12.922,1.015,3.870;638791,0.173,-1.401,0.878,-5.179,7.437,-2.985;638811,0.111,-1.318,0.779,3.911,7.868,-8.247;638835,0.111,-1.177,0.619,1.795,2.550,-8.909;638855,0.138,-1.032,0.465,1.022,4.703,-7.890
2026-05-28T09:35:15.161Z 638875,0.149,-0.872,0.325,5.941,11.762,-4.891;638895,0.131,-0.697,0.222,13.299,20.672,-0.306;638915,0.071,-0.552,0.170,26.080,29.336,4.214;638935,0.010,-0.437,0.169,34.244,31.326,6.208;638955,-0.003,-0.484,-0.134,28.870,25.986,5.428
2026-05-28T09:35:15.248Z 638975,0.273,-0.670,0.059,-18.811,23.517,-14.205;638997,0.114,-0.915,-0.006,-18.040,7.602,-38.861;639017,-0.187,-1.234,0.462,-33.544,3.523,-20.514;639038,-0.170,-1.483,0.380,-9.625,8.762,-20.162;639058,-0.171,-1.561,0.446,-11.825,-2.183,-12.639
2026-05-28T09:35:15.373Z 639078,-0.152,-1.580,0.482,-18.044,-14.692,-4.002;639101,-0.096,-1.526,0.528,-18.542,-20.609,3.949;639121,-0.017,-1.416,0.481,-16.410,-22.864,11.422;639141,0.065,-1.270,0.391,-14.278,-23.710,17.855;639161,0.113,-1.116,0.282,-10.782,-23.532,17.4
2026-05-28T09:35:15.462Z 639184,0.137,-0.956,0.198,-8.533,-21.577,12.430;639204,0.128,-0.787,0.110,-3.994,-18.578,5.353;639224,0.100,-0.611,0.058,-1.014,-13.786,-1.132;639244,0.040,-0.484,0.033,-2.327,-8.551,-4.243;639264,-0.018,-0.421,-0.000,-9.513,-8.175,-3.583
2026-05-28T09:35:15.546Z 639284,-0.034,-0.392,0.018,-21.773,-9.384,-2.035;639308,-0.029,-0.366,0.030,-27.067,-10.091,-1.089;639328,-0.002,-0.328,0.022,-21.030,-9.493,-1.312;639348,0.019,-0.291,-0.004,-14.515,-8.893,-0.633;639368,0.015,-0.255,-0.030,-10.241,-8.383,0.150
2026-05-28T09:35:15.674Z 639388,-0.006,-0.217,-0.050,-6.142,-7.309,0.937;639408,-0.016,-0.194,-0.084,-0.569,-5.388,1.769;639428,-0.020,-0.415,-0.193,10.722,-3.298,5.713;639451,-0.100,-0.952,0.245,16.996,2.873,32.005;639471,0.185,-0.981,0.331,11.151,-6.823,7.172
2026-05-28T09:35:15.759Z 639491,0.299,-1.127,0.463,3.527,-4.939,0.659;639511,0.261,-1.286,0.607,0.536,1.551,-1.979;639531,0.224,-1.328,0.788,5.179,14.136,-6.682;639551,0.153,-1.315,0.798,12.541,19.147,-10.821;639571,0.048,-1.233,0.701,12.574,17.823,-12.748
2026-05-28T09:35:15.849Z 639591,0.008,-1.116,0.593,10.367,12.201,-11.982;639612,0.017,-0.972,0.440,6.935,6.965,-6.149;639632,0.016,-0.818,0.293,8.944,7.660,0.200;639652,0.045,-0.632,0.158,15.412,13.487,7.561;639672,0.071,-0.487,0.080,26.576,19.347,15.329
2026-05-28T09:35:15.972Z 639695,0.061,-0.392,0.046,40.882,24.767,19.386;639715,0.060,-0.348,0.010,45.361,25.675,16.938;639735,0.156,-0.750,-0.194,7.136,16.487,4.790;639755,0.413,-0.883,0.034,-25.648,-4.663,-20.516;639775,0.137,-1.351,0.011,-16.088,-7.269,-1.940
2026-05-28T09:35:16.057Z 639795,0.096,-1.506,0.301,-4.739,-0.017,-2.708;639817,0.040,-1.573,0.294,13.476,-0.500,-2.013;639837,0.042,-1.570,0.311,8.232,-9.699,3.750;639857,0.057,-1.535,0.408,-4.831,-17.418,9.714;639881,0.084,-1.471,0.452,-5.379,-18.339,15.299
2026-05-28T09:35:16.205Z 639901,0.122,-1.328,0.395,-4.169,-18.225,21.789;639921,0.140,-1.158,0.301,-2.088,-18.366,26.072;639941,0.144,-0.999,0.194,3.517,-18.834,22.742;639965,0.153,-0.833,0.100,12.538,-17.785,13.862;639985,0.136,-0.643,0.045,16.050,-14.906,6.325
2026-05-28T09:35:16.266Z 640005,0.108,-0.492,0.040,15.254,-11.691,2.513;640025,0.054,-0.413,0.021,8.690,-9.992,0.837;640045,0.013,-0.379,0.007,-5.852,-10.031,0.048;640065,0.001,-0.380,0.006,-23.230,-11.209,-0.169;640085,0.021,-0.365,0.004,-27.756,-10.242,-3.095
2026-05-28T09:35:16.447Z 640107,0.051,-0.340,-0.016,-22.457,-8.825,-6.124;640127,0.060,-0.293,-0.072,-10.666,-4.013,-8.925;640147,0.055,-0.322,-0.220,1.362,14.158,-13.268;640167,0.040,-0.306,-0.275,-3.869,17.051,-6.152;640187,-0.060,-0.769,0.364,-26.561,24.098,31.637
2026-05-28T09:35:16.494Z 640207,0.211,-0.874,0.293,-29.865,-1.242,9.645;640228,0.385,-0.877,0.494,-56.256,-1.358,-3.096;640248,0.352,-1.094,0.585,-41.354,4.595,-2.762;640268,0.293,-1.220,0.825,-26.106,23.873,-8.174;640288,0.197,-1.217,0.773,-7.706,33.851,-10.665
2026-05-28T09:35:16.600Z 640308,0.060,-1.167,0.687,0.902,32.601,-13.641;640328,0.018,-1.059,0.576,0.474,21.467,-16.484;640348,0.052,-0.928,0.406,-3.085,12.653,-15.105;640368,0.076,-0.783,0.267,0.975,13.813,-12.126;640388,0.095,-0.603,0.144,10.186,20.402,-6.280
2026-05-28T09:35:16.692Z 640408,0.098,-0.440,0.066,20.267,27.705,0.368;640428,0.058,-0.334,0.013,35.235,33.986,4.200;640448,0.038,-0.274,0.047,45.505,37.055,5.405;640468,0.087,-0.317,-0.316,29.130,37.594,1.557;640488,0.433,-0.649,-0.038,-38.438,23.496,-6.633
2026-05-28T09:35:16.832Z 640508,0.266,-1.018,-0.096,-24.122,8.454,-23.969;640528,-0.111,-1.465,-0.023,-26.143,2.947,-12.121;640548,-0.097,-1.671,0.152,-7.079,7.018,-14.444;640568,-0.043,-1.725,0.280,-10.384,-0.763,-8.019;640588,-0.001,-1.732,0.366,-18.000,-10.344,-1.83
2026-05-28T09:35:16.894Z 640608,-0.017,-1.675,0.488,-24.602,-16.767,4.246;640630,-0.014,-1.559,0.452,-22.431,-22.803,12.170;640650,0.013,-1.409,0.389,-20.348,-26.890,20.528;640670,0.042,-1.228,0.316,-18.257,-30.702,26.092;640690,0.095,-1.067,0.218,-9.348,-33.156,25.158
2026-05-28T09:35:17.019Z 640714,0.145,-0.887,0.118,6.144,-31.506,15.349;640734,0.169,-0.681,0.021,19.917,-25.224,6.218;640754,0.150,-0.509,-0.017,22.056,-16.386,-0.160;640775,0.106,-0.400,-0.027,15.598,-8.719,-3.301;640795,0.059,-0.334,-0.028,-0.474,-4.820,-3.925
2026-05-28T09:35:17.081Z 640815,0.028,-0.321,-0.001,-22.028,-3.694,-3.347;640835,0.020,-0.324,0.029,-32.100,-4.285,-3.815;640855,0.015,-0.300,0.022,-28.777,-3.816,-4.706;640875,0.009,-0.267,0.008,-18.537,-2.667,-4.572;640896,-0.006,-0.234,-0.006,-6.839,-0.903,-3.559
2026-05-28T09:35:17.226Z 640917,-0.003,-0.233,-0.024,4.651,5.989,-4.103;640937,0.068,-0.371,-0.329,22.301,17.588,-5.496;640957,-0.074,-0.885,-0.199,41.597,29.021,25.203;640977,0.131,-0.973,-0.260,49.566,24.906,7.561;640997,0.517,-1.183,0.084,13.640,27.295,1.016
2026-05-28T09:35:17.286Z 641021,0.489,-1.374,0.257,24.649,38.252,6.956;641041,0.357,-1.470,0.584,22.041,47.328,1.825;641061,0.254,-1.443,0.515,25.034,43.479,-2.283;641081,0.151,-1.375,0.521,17.040,33.716,-4.416;641105,0.112,-1.253,0.511,3.836,20.721,-5.596
2026-05-28T09:35:17.412Z 641129,0.099,-1.118,0.439,-0.273,13.365,-5.325;641149,0.084,-0.977,0.326,1.031,11.836,-3.638;641169,0.084,-0.784,0.209,9.235,14.373,1.619;641189,0.087,-0.594,0.112,22.325,17.417,8.953;641209,0.057,-0.445,0.043,36.307,18.183,14.713
2026-05-28T09:35:17.523Z 641229,0.024,-0.372,0.024,36.299,15.208,16.434;641251,0.008,-0.317,0.009,24.354,10.629,13.126;641271,0.070,-0.493,-0.217,-2.288,-0.972,9.057;641291,0.459,-0.506,-0.067,-11.366,0.932,-28.383;641311,0.280,-1.030,-0.258,16.212,12.181,-23.398
2026-05-28T09:35:17.588Z 641331,0.054,-1.336,0.288,-8.202,17.568,-4.426;641354,0.043,-1.497,0.248,7.128,14.448,-6.086;641374,0.080,-1.610,0.346,1.389,7.346,-3.907;641394,0.100,-1.635,0.439,-6.409,-0.687,1.841;641414,0.114,-1.570,0.460,-3.680,-5.985,7.637
2026-05-28T09:35:17.716Z 641434,0.128,-1.466,0.403,-2.323,-12.238,15.780;641454,0.145,-1.304,0.331,-8.209,-15.108,22.856;641474,0.157,-1.142,0.273,-10.539,-17.364,22.609;641494,0.169,-0.990,0.219,-6.486,-18.815,16.718;641514,0.186,-0.826,0.133,5.162,-18.923,7.822
2026-05-28T09:35:17.799Z 641534,0.183,-0.648,0.055,14.193,-15.956,-0.545;641554,0.164,-0.494,-0.032,19.168,-9.791,-6.257;641574,0.103,-0.385,-0.032,10.818,-3.095,-7.497;641594,0.039,-0.326,-0.026,-3.402,-1.614,-4.928;641614,-0.008,-0.321,0.020,-17.806,-2.480,-2.728
2026-05-28T09:35:17.922Z 641635,-0.022,-0.329,0.049,-26.021,-5.587,-2.009;641655,-0.015,-0.313,0.035,-24.718,-5.399,-2.723;641676,-0.003,-0.275,0.015,-16.048,-6.017,-2.780;641696,0.001,-0.234,-0.005,-4.934,-5.005,-3.725;641716,-0.008,-0.184,-0.034,3.332,-2.560,-5.650
2026-05-28T09:35:18.038Z 641736,-0.053,-0.237,-0.127,9.085,4.535,-9.309;641756,-0.413,-0.781,-0.399,41.414,-11.105,17.522;641780,-0.282,-1.264,0.261,31.924,-16.745,34.086;641802,0.110,-1.182,0.318,-11.161,-21.338,7.559;641822,0.230,-1.315,0.598,-25.628,-15.318,0.369
2026-05-28T09:35:18.127Z 641842,0.071,-1.525,0.744,-24.585,-4.368,8.430;641862,0.081,-1.564,1.007,-14.095,16.053,2.862;641882,0.034,-1.489,0.908,0.910,16.099,-0.509;641902,0.036,-1.401,0.831,1.277,11.706,-5.452;641922,0.098,-1.313,0.781,-11.906,3.679,-9.185
2026-05-28T09:35:18.221Z 641942,0.123,-1.207,0.750,-18.204,1.873,-11.828;641963,0.104,-1.096,0.666,-17.524,4.403,-12.800;641983,0.055,-0.956,0.520,-14.566,9.355,-10.440;642003,0.004,-0.761,0.401,-12.152,16.731,-4.827;642023,-0.030,-0.574,0.312,-2.465,22.223,4.806
2026-05-28T09:35:18.333Z 642043,-0.067,-0.429,0.243,10.219,25.079,11.614;642063,-0.084,-0.357,0.192,11.524,20.676,16.631;642083,-0.063,-0.329,0.150,0.841,12.191,18.437;642103,0.024,-0.553,-0.148,-21.743,-7.545,14.808;642123,0.382,-0.489,0.318,-60.733,-18.324,-30.474
